SampleLogFunc,Average,LogStandardDeviation,Cutoff
-14934.435,.0000000,.0000000,.69299717
-14934.435,.0000000,.0000000,.69299717
-14937.182,.65517433E-03,-.12880931E-02,.69343719
-14935.466,.21667747E-03,-.55624508E-03,.69316403
-14934.856,-.37773659E-02,.19180569E-02,.69304416
-14934.430,-.90315822E-03,-.91743612E-04,.69300155
-14936.019,-.15594240E-02,-.80443143E-03,.69326464
-14937.279,-.14274595E-01,.56459586E-02,.69316618
-14935.433,.75174912E-03,-.29340311E-02,.69315205
-14934.938,.13238783E-02,-.33788550E-02,.69306271
-14938.154,.25434526E-02,-.86034204E-02,.69345606
-14935.407,-.17631425E-01,-.60603497E-02,.69321058
-14934.135,-.10019717E-01,-.77439622E-02,.69301798
-14934.975,-.34716281E-01,-.12275255E-01,.69303811
-14934.867,-.27471336E-01,-.22071282E-01,.69306722
-14935.021,-.41455038E-01,-.19825584E-01,.69305507
-14935.551,.17882649E-03,-.47699973E-02,.69316327
-14936.687,-.55058948E-02,-.18448627E-01,.69305562
-14934.453,.45498858E-03,-.19407488E-02,.69300171
-14937.841,-.17356965E-01,-.38039242E-02,.69356525
-14934.745,-.20856202E-01,-.56755572E-02,.69306352
-14936.384,-.22033968E-01,-.14548483E-01,.69340210
-14935.235,-.28756407E-01,-.25293806E-01,.69304845
-14936.040,.19113852E-01,.48149740E-02,.69300782
-14935.226,-.11598182E-01,-.12982057E-01,.69314964
-14934.738,-.40213256E-01,-.24561111E-01,.69302093
-14935.043,-.33898176E-01,-.25665222E-01,.69305214
-14934.608,-.10566339E-01,-.10105126E-01,.69308175
-14934.077,-.19163776E-01,-.14775845E-01,.69300980
-14935.674,-.30019276E-01,-.17772268E-01,.69326646
-14934.310,-.35952170E-01,-.19615685E-01,.69300314
-14935.953,-.51617105E-01,-.30508078E-01,.69306514
-14934.870,-.93807715E-02,-.76173137E-02,.69313319
-14934.079,-.26966692E-01,-.14928963E-01,.69301798
-14934.056,-.16938109E-01,-.11285816E-01,.69302419
-14934.484,-.18294860E-01,-.16756750E-01,.69303524
-14935.323,-.18198376E-01,-.46446688E-02,.69316448
-14935.687,-.16642820E-02,.25841728E-02,.69316939
-14936.805,-.31347762E-01,-.14772588E-01,.69343598
-14935.579,-.34614209E-01,-.26980219E-01,.69310970
-14936.587,-.24003920E-01,-.19955331E-01,.69336847
-14936.294,-.22138219E-01,.99760474E-03,.69304880
-14935.876,-.27502811E-01,-.70496873E-02,.69318287
-14935.200,-.41603055E-01,-.17019138E-01,.69304012
-14934.013,-.20851481E-01,-.11098642E-01,.69301818
-14934.701,-.78759222E-03,-.46733303E-02,.69304111
-14937.105,.14343169E-01,.13453137E-01,.69314598
-14943.086,.26833290E-01,.78389363E-02,.69396619
-14935.092,-.18058904E-01,-.18693310E-01,.69308276
-14934.911,-.12476575E-01,-.16658540E-01,.69301914
-14935.781,-.66368594E-02,-.66172163E-02,.69326378
-14936.276,-.16969061E-01,-.43130796E-02,.69332490
-14934.766,.22509434E-02,-.17022847E-02,.69303372
-14934.546,-.83050873E-02,-.14996918E-02,.69304276
-14935.557,.12255104E-01,.31026736E-02,.69304413
-14939.646,-.34365145E-02,-.90701959E-02,.69381144
-14938.854,.11875375E-01,-.11314207E-01,.69314472
-14935.702,-.75258428E-02,.49534525E-03,.69319537
-14937.481,-.35371849E-01,-.89091561E-02,.69333387
-14934.497,-.27183873E-01,-.20402714E-01,.69303983
-14935.889,.83709577E-02,.96046239E-02,.69305570
-14935.363,-.44427583E-01,-.23588750E-01,.69308923
-14935.222,-.29491167E-01,-.23548224E-01,.69310552
-14936.015,.11597231E-02,.51609888E-02,.69317334
-14934.428,-.22152396E-01,-.63594467E-02,.69301119
-14934.091,-.28185300E-01,-.16262197E-01,.69301502
-14935.861,.15876208E-01,.28993793E-02,.69302557
-14935.869,-.13685089E-01,-.37653023E-02,.69327228
-14934.761,-.14290285E-01,-.84724774E-02,.69313555
-14934.246,-.38572306E-02,-.21018930E-02,.69299805
-14935.990,.45823144E-02,.67798802E-02,.69313717
-14935.092,-.17113550E-01,-.10721571E-01,.69319494
-14936.614,.19600514E-01,.33059891E-02,.69306671
-14936.639,.14358153E-01,-.23529681E-02,.69308248
-14935.920,-.28271567E-01,-.10435374E-01,.69326285
-14936.340,.66426359E-02,-.17215518E-02,.69322173
-14938.024,-.11505759E-01,-.21761100E-01,.69328661
-14935.060,-.20057547E-01,-.87560492E-02,.69317534
-14936.026,-.15230329E-01,-.82992384E-02,.69334198
-14934.898,-.41340384E-01,-.22287062E-01,.69304872
-14937.548,-.38368072E-01,-.18026990E-01,.69350616
-14934.449,-.19210235E-02,-.44518120E-02,.69301578
-14935.758,.42731242E-02,-.94964354E-02,.69299977
-14934.915,-.13626800E-01,-.17656527E-01,.69300972
-14936.266,-.32857870E-01,-.62195395E-02,.69309096
-14935.268,-.80628644E-02,-.23210098E-02,.69317158
-14935.162,-.54713300E-02,.39435362E-02,.69303285
-14936.144,-.14887414E-01,-.15123420E-01,.69329871
-14935.807,-.37173434E-01,-.17715623E-01,.69322929
-14934.854,-.26355821E-01,-.83926857E-02,.69307031
-14937.450,-.20082743E-01,-.29075212E-01,.69303694
-14935.439,-.12822124E-01,-.66409742E-02,.69323755
-14937.001,-.30023233E-01,-.62353577E-02,.69328712
-14934.384,-.25742067E-01,-.13213686E-01,.69306873
-14936.577,-.18060542E-02,-.13276739E-01,.69315884
-14934.298,-.11018016E-01,-.63262057E-02,.69304850
-14935.568,-.28653921E-01,-.18145554E-01,.69324929
-14934.604,-.39263095E-01,-.24169032E-01,.69300755
-14936.004,.13706519E-01,-.20843123E-02,.69300716
-14936.068,.40382320E-02,-.45114183E-02,.69318550
-14934.375,-.30751921E-01,-.14883155E-01,.69304055
-14935.073,-.14470423E-02,-.81810554E-02,.69305943
-14936.021,-.52621017E-01,-.28733092E-01,.69307425
-14935.531,-.16230809E-01,-.10813664E-01,.69326379
-14936.276,-.28299663E-01,-.25401010E-01,.69321044
-14934.413,-.29626577E-01,-.17001286E-01,.69306157
-14936.854,.77578680E-02,.56200544E-02,.69328714
-14938.830,.10759020E-02,-.69824595E-03,.69369684
-14935.820,-.26045803E-01,-.19998166E-01,.69325817
-14936.907,-.19506307E-01,-.59733927E-02,.69343869
-14936.907,-.30601925E-01,-.29200200E-01,.69319879
-14935.627,-.43840886E-01,-.18765086E-01,.69309687
-14935.067,-.23103026E-01,-.12723806E-01,.69318990
-14937.270,-.14678408E-01,-.20385197E-02,.69345569
-14935.523,-.54969395E-02,.63141191E-02,.69300909
-14936.411,-.37674493E-01,-.30223257E-01,.69316765
-14935.321,-.25539893E-01,-.12721004E-01,.69322121
-14935.574,-.21751242E-01,-.14228199E-01,.69327060
-14934.673,-.14245559E-01,-.17018692E-01,.69300171
-14935.772,-.26118934E-01,-.18322192E-01,.69327733
-14935.923,-.27268265E-01,-.71373642E-02,.69319768
-14935.211,-.39195334E-01,-.14832894E-01,.69304595
-14934.464,-.18356476E-01,-.63684357E-02,.69305623
-14935.573,-.37246241E-01,-.11578612E-01,.69306112
-14935.821,-.37512770E-01,-.20757506E-01,.69324111
-14935.454,-.83533126E-02,.49692549E-02,.69301127
-14934.932,-.61895462E-02,-.10133667E-01,.69307832
-14935.279,-.33436088E-01,-.26736727E-01,.69305799
-14935.519,-.12388224E-01,-.19467409E-01,.69301295
-14934.132,-.28097204E-01,-.14097454E-01,.69301717
-14935.938,-.37950161E-01,-.97685435E-02,.69303802
-14936.224,-.49581647E-01,-.18225665E-01,.69303311
-14934.873,-.21304665E-01,-.83528107E-02,.69313104
-14937.288,-.14605879E-01,-.44343360E-03,.69341463
-14937.101,-.32938345E-01,-.30600421E-01,.69320700
-14939.080,-.11179397E-01,.46901184E-02,.69356711
-14938.655,-.28652996E-01,.18802355E-02,.69318541
-14936.443,-.26121036E-01,-.88336078E-02,.69334561
-14934.570,-.44893882E-02,-.95953182E-02,.69300320
-14937.543,.37175145E-02,-.11937717E-01,.69320452
-14935.306,-.33509638E-01,-.27495266E-01,.69303920
-14934.571,-.14842690E-01,-.12832016E-01,.69308235
-14934.036,-.20228323E-01,-.10628635E-01,.69302159
-14934.433,-.28936554E-01,-.21398567E-01,.69301969
-14936.168,-.48485339E-01,-.23252340E-01,.69315397
-14937.738,-.61122294E-02,-.71043578E-02,.69357093
-14937.485,.77908608E-02,.12352610E-01,.69322246
-14936.666,-.46292031E-01,-.26234569E-01,.69328040
-14934.609,-.10511448E-01,-.62562057E-03,.69302478
-14936.613,-.58576300E-03,.12885980E-02,.69333716
-14935.821,-.30275750E-01,-.20578567E-01,.69326667
-14936.184,.14613116E-01,.46307234E-02,.69311193
-14935.872,.15337819E-01,.36658590E-02,.69304519
-14934.520,-.33045421E-01,-.13943561E-01,.69302542
-14935.780,-.46741147E-01,-.27111284E-01,.69312100
-14936.174,-.30374147E-01,-.12882253E-01,.69331951
-14934.950,-.37967885E-01,-.18296120E-01,.69308098
-14934.194,-.20661122E-01,-.10104437E-01,.69304293
-14936.444,-.10597640E-03,.85440446E-02,.69313359
-14933.960,-.15892563E-01,-.90039562E-02,.69300813
-14935.987,-.13893559E-01,-.14724154E-01,.69326840
-14935.165,-.12220390E-01,-.43896424E-03,.69309587
-14934.599,-.11177816E-01,-.28189376E-02,.69306252
-14936.414,.15540905E-01,.10587929E-01,.69309770
-14935.400,-.12166269E-01,-.13043948E-01,.69318422
-14935.658,-.14885193E-01,-.15222189E-01,.69321748
-14936.020,.38634781E-02,-.10318048E-01,.69302319
-14939.954,.21707402E-01,-.60728639E-02,.69318702
-14935.154,-.21606853E-01,-.23106155E-01,.69300405
-14934.838,.52273153E-02,.12589643E-02,.69301669
-14939.142,.39320366E-01,.22527954E-01,.69307592
-14934.368,-.31372594E-01,-.13592335E-01,.69301795
-14938.239,.28035481E-01,.18830825E-01,.69313208
-14937.207,-.47429508E-02,-.21350759E-02,.69347835
-14934.743,-.83918224E-02,-.11003036E-01,.69306448
-14937.310,.10685283E-01,-.30742830E-02,.69326683
-14935.117,-.44486031E-03,-.80099291E-03,.69311348
-14935.537,.48983674E-02,.85084987E-02,.69302190
-14934.380,-.34138841E-01,-.22953445E-01,.69299789
-14934.803,-.65091125E-02,-.22189520E-02,.69309536
-14937.411,-.10378228E-04,.12747328E-01,.69310380
-14935.378,-.12519586E-01,-.15660508E-01,.69312507
-14936.932,-.55985226E-01,-.30282136E-01,.69316625
-14935.598,-.36891437E-01,-.28203216E-01,.69309217
-14935.294,-.46088520E-01,-.21420033E-01,.69303449
-14936.011,-.30890558E-01,-.28257534E-01,.69309557
-14934.968,-.28423111E-01,-.17575637E-01,.69315431
-14935.725,-.17311307E-01,-.20234071E-01,.69312332
-14935.156,-.21900105E-01,-.99424322E-02,.69319280
-14935.618,-.37731147E-01,-.14446378E-01,.69313592
-14935.356,-.15465821E-01,-.11718632E-01,.69322649
-14937.052,-.25569690E-01,-.37828983E-02,.69330313
-14935.925,-.33864069E-02,-.13117295E-01,.69310106
-14935.503,.65259720E-02,.43709503E-02,.69309369
-14935.879,-.37779053E-01,-.26483758E-01,.69318596
-14936.081,.11048247E-01,-.13361321E-02,.69310014
-14934.415,-.60694443E-02,-.36010803E-02,.69304158
-14935.367,-.42245012E-02,-.12104386E-01,.69306369
-14934.558,-.10606657E-01,-.34951526E-02,.69306758
-14936.248,-.46130995E-01,-.30851277E-01,.69314851
-14934.876,-.63689255E-02,-.61231674E-02,.69311802
-14935.405,.50074870E-02,-.67672976E-02,.69300955
-14937.203,.65717142E-02,-.15435483E-02,.69336230
-14934.659,-.30851187E-01,-.17415597E-01,.69309605
-14937.135,-.19701399E-01,-.18495962E-01,.69344456
-14934.173,-.82163945E-02,-.83521833E-02,.69300622
-14935.815,-.34695084E-01,-.30830869E-01,.69301066
-14937.534,-.33519141E-01,-.17919060E-01,.69355608
-14935.134,-.31584377E-01,-.14590615E-01,.69315477
-14934.847,-.27729311E-01,-.19083610E-01,.69312010
-14935.430,-.38958881E-01,-.18507403E-01,.69314896
-14934.503,-.21632790E-01,-.55387034E-02,.69301030
-14934.251,-.14536891E-01,-.10576638E-01,.69304929
-14935.043,-.36566925E-01,-.18694298E-01,.69311666
-14936.085,-.32908345E-01,-.10696445E-01,.69321773
-14934.877,-.23789817E-01,-.51172401E-02,.69302634
-14936.158,-.44998457E-01,-.32113509E-01,.69310187
-14935.715,-.33003526E-01,-.11233680E-01,.69316851
-14934.918,-.33087072E-01,-.19063794E-01,.69312438
-14935.415,-.35363286E-02,.35228747E-02,.69309894
-14935.740,.96643003E-02,.45935819E-02,.69310484
-14938.960,-.22443241E-01,-.13025067E-02,.69358515
-14934.625,-.38273394E-01,-.21458042E-01,.69303437
-14936.382,-.42973301E-01,-.15242178E-01,.69316135
-14935.773,-.20144591E-01,-.53084629E-02,.69323180
-14934.523,-.33449870E-01,-.17803994E-01,.69305666
-14934.496,-.25624793E-01,-.10022658E-01,.69305361
-14936.586,-.60917328E-02,-.15241869E-01,.69319761
-14938.460,-.31297961E-01,-.64567816E-02,.69350640
-14934.248,-.18833920E-01,-.83989971E-02,.69304503
-14935.021,-.16270033E-01,-.14403426E-01,.69314562
-14935.645,-.26804335E-01,-.47932968E-02,.69308228
-14936.497,-.42106249E-01,-.20904259E-01,.69330117
-14935.641,-.39388423E-01,-.31150785E-01,.69302066
-14934.940,-.26653997E-01,-.18846492E-01,.69313527
-14934.690,-.24340882E-01,-.12844054E-01,.69312416
-14935.617,-.39197053E-01,-.13896682E-01,.69308996
-14934.495,-.21357296E-01,-.49682479E-02,.69299800
-14937.032,.10314479E-01,.26902537E-02,.69330528
-14935.327,.27339771E-02,.35010790E-02,.69309300
-14937.740,.26676985E-01,.14816780E-01,.69313909
-14936.164,.11366261E-01,.59650267E-02,.69314688
-14938.371,-.47898242E-01,-.41568440E-01,.69308147
-14935.225,-.56630454E-02,-.15648920E-02,.69315578
-14935.142,-.14471958E-02,-.59830834E-02,.69310667
-14934.353,-.25337250E-01,-.17594781E-01,.69305023
-14935.147,-.39798497E-01,-.20037678E-01,.69310209
-14935.935,-.29739599E-01,-.21516945E-01,.69326910
-14933.976,-.14825318E-01,-.83527571E-02,.69300822
-14936.337,-.93298270E-02,-.11999628E-01,.69331661
-14936.348,-.40536527E-01,-.17218496E-01,.69325782
-14935.445,-.31217365E-01,-.20173110E-01,.69320978
-14935.909,-.24360168E-01,-.46840072E-02,.69317188
-14934.447,-.91918564E-02,-.12387537E-01,.69300086
-14935.178,-.20598528E-01,-.21558221E-01,.69304678
-14934.538,-.14265903E-02,-.39390286E-02,.69302754
-14934.958,-.16590492E-01,-.26144003E-02,.69307280
-14935.446,-.96642596E-02,-.46745518E-02,.69322361
-14935.123,-.21420517E-03,.42150660E-02,.69304839
-14938.108,-.29477231E-01,-.16631693E-01,.69367322
-14935.584,.35295165E-02,-.62005513E-02,.69308523
-14935.603,-.79887712E-02,-.98332942E-02,.69321716
-14936.836,-.21381045E-01,-.13327385E-01,.69348081
-14941.218,-.14022169E-01,.14027245E-01,.69325827
-14934.497,-.99403569E-02,-.92929887E-02,.69306613
-14936.487,-.12462374E-01,-.20739539E-01,.69311532
-14936.101,-.89740765E-02,-.10502312E-02,.69328425
-14935.307,-.34100645E-01,-.12457941E-01,.69310970
-14935.601,-.31431157E-01,-.97022157E-02,.69313930
-14936.707,.12189956E-01,.16158545E-03,.69319923
-14935.724,.18233951E-03,.55474484E-03,.69319900
-14937.512,.29399661E-01,.10156112E-01,.69305956
-14936.461,.78200871E-02,.12605964E-01,.69305014
-14935.595,-.37220938E-01,-.30105177E-01,.69303212
-14935.990,-.28418305E-01,-.12643832E-01,.69330777
-14936.113,-.24952565E-01,-.12357835E-01,.69335266
-14941.520,-.14694203E-01,-.31385947E-01,.69332716
-14935.295,-.21749600E-01,-.13500416E-01,.69322822
-14937.922,-.11977826E-01,-.20333953E-01,.69335338
-14935.836,.15329987E-01,.36962661E-02,.69303977
-14934.377,-.26041188E-01,-.15800795E-01,.69306841
-14934.183,-.15937608E-01,-.12978948E-01,.69302640
-14934.901,-.43338949E-01,-.20473454E-01,.69300956
-14934.350,-.26813132E-01,-.17441172E-01,.69305393
-14936.126,-.25982521E-01,-.14281973E-01,.69335806
-14935.834,-.26244146E-01,-.18019035E-01,.69329153
-14934.771,-.19572927E-01,-.85883957E-02,.69312885
-14935.567,.12541260E-01,.61845293E-02,.69303910
-14938.215,-.63608817E-01,-.37729393E-01,.69318506
-14935.060,-.93326225E-02,-.14099275E-01,.69305989
-14936.961,.16577573E-01,-.40869089E-02,.69300808
-14936.557,.47612338E-02,-.12043837E-01,.69300879
-14935.467,-.31865918E-01,-.10215086E-01,.69312267
-14938.813,-.13833027E-01,.53889919E-02,.69343954
-14936.745,-.15397939E-01,-.42330897E-02,.69341258
-14937.038,-.57458857E-01,-.37134576E-01,.69307321
-14934.390,-.24141473E-01,-.78068803E-02,.69301169
-14939.410,-.44767601E-01,-.38781126E-01,.69336775
-14936.597,-.10103003E-01,-.39664298E-02,.69340410
-14936.448,-.32458455E-01,-.22095461E-01,.69335211
-14934.592,-.25643695E-01,-.19618037E-01,.69306079
-14934.281,-.14610534E-01,-.57596573E-02,.69303877
-14937.677,-.28020914E-01,-.13970808E-01,.69360191
-14937.965,.27784360E-01,.29120234E-02,.69302635
-14936.812,.95403804E-02,-.36342678E-02,.69320273
-14936.534,-.62502762E-02,.23861242E-02,.69329228
-14935.721,-.26523688E-01,-.23608730E-01,.69315532
-14934.755,-.22748419E-01,-.15732813E-01,.69312764
-14934.440,-.26252035E-01,-.15754660E-01,.69307868
-14936.198,-.18738040E-01,-.14963956E-01,.69335061
-14937.815,.10206646E-01,.59143322E-02,.69341958
-14934.644,-.32197574E-01,-.14594729E-01,.69306643
-14935.851,-.21898194E-01,-.24796567E-01,.69305391
-14937.098,.15453243E-01,.36157672E-02,.69323607
-14935.283,-.21200657E-01,-.16833759E-01,.69319163
-14936.348,-.43155718E-01,-.12607936E-01,.69306035
-14935.207,-.21558309E-01,-.20613698E-01,.69309657
-14934.928,-.27216169E-01,-.16169557E-01,.69315604
-14935.038,-.34949138E-01,-.14215125E-01,.69308618
-14936.092,-.34491270E-01,-.73428751E-02,.69306384
-14936.598,-.24336690E-01,-.14047237E-01,.69343994
-14937.194,-.41382147E-01,-.28055625E-01,.69337456
-14935.503,.27147903E-02,-.32347955E-02,.69313483
-14935.469,-.39487694E-01,-.14702696E-01,.69307938
-14937.642,.90704617E-02,.14047898E-01,.69319125
-14934.181,-.23349101E-01,-.18469511E-01,.69299879
-14938.087,.21070098E-01,.83292253E-02,.69331227
-14935.706,-.24771142E-01,-.15391423E-01,.69328946
-14936.378,-.32996149E-01,-.73215988E-02,.69315142
-14934.699,-.15518088E-01,-.17162650E-01,.69302270
-14935.083,-.22339296E-01,-.20132218E-01,.69309977
-14935.018,-.39413041E-01,-.19608642E-01,.69308295
-14934.973,-.24934051E-01,-.15137175E-01,.69317000
-14936.991,-.44283551E-01,-.16800809E-01,.69327251
-14936.266,-.54647673E-01,-.26476729E-01,.69306674
-14935.717,-.16416344E-01,-.25145781E-02,.69319614
-14936.076,-.48204518E-01,-.22196748E-01,.69313193
-14935.837,-.26132537E-01,-.94378609E-02,.69325791
-14935.070,-.21432225E-01,-.11188937E-01,.69319005
-14934.830,-.93136452E-02,-.10543221E-01,.69309828
-14936.664,-.34115453E-01,-.11114030E-01,.69330072
-14935.936,-.41628911E-01,-.28411157E-01,.69315660
-14934.506,-.24861543E-01,-.16056266E-01,.69308854
-14934.567,-.20180039E-01,-.99905017E-02,.69310500
-14935.764,-.44187966E-01,-.21536095E-01,.69314998
-14934.719,-.38177697E-01,-.25679680E-01,.69300878
-14935.016,-.81486873E-02,-.72967779E-02,.69314933
-14934.668,-.10391908E-01,-.93639976E-02,.69309710
-14934.657,-.27899720E-01,-.21844503E-01,.69304119
-14933.973,-.17062787E-01,-.10052194E-01,.69301273
-14935.603,-.13269130E-01,-.76039080E-02,.69326883
-14935.928,-.12771604E-01,-.16767701E-01,.69318608
-14938.792,-.57111263E-01,-.23742381E-01,.69338137
-14937.249,-.13280306E-01,-.67321013E-02,.69353236
-14934.743,-.32067647E-01,-.19633701E-01,.69309676
-14936.434,-.10378174E-01,-.91571064E-02,.69338470
-14934.489,-.16762786E-01,-.13335320E-01,.69307803
-14938.262,-.71945146E-02,.19344276E-02,.69357704
-14935.553,-.18920784E-02,.12743072E-02,.69316937
-14936.201,-.56975398E-02,-.17518824E-01,.69302854
-14935.537,-.51706257E-01,-.29873244E-01,.69299982
-14935.699,.14460305E-01,.74212474E-02,.69303151
-14936.252,-.24413893E-01,-.23781105E-01,.69320683
-14934.134,-.31677696E-01,-.18063672E-01,.69300419
-14935.456,-.34923525E-01,-.23823578E-01,.69316302
-14935.544,-.26367926E-01,-.18742531E-01,.69323518
-14936.661,-.12703116E-01,-.79438805E-02,.69343977
-14936.512,-.14633645E-01,-.41090768E-02,.69337739
-14934.696,-.36356823E-01,-.19622924E-01,.69306380
-14937.004,-.10160096E-01,-.23347420E-02,.69344852
-14936.571,-.92754667E-02,-.17113166E-01,.69320231
-14936.402,-.68783964E-02,-.18920533E-01,.69302888
-14936.656,-.66934472E-02,.61752539E-02,.69318149
-14934.722,-.21113313E-01,-.20525820E-01,.69301356
-14935.931,-.13537488E-01,.31497448E-02,.69307899
-14935.851,-.24375262E-01,-.20789156E-01,.69323159
-14935.640,-.24260295E-01,-.14457105E-01,.69328211
-14934.634,-.34905381E-01,-.23121923E-01,.69303734
-14934.799,-.81015742E-02,-.12730799E-01,.69303164
-14936.278,-.11887691E-01,.53670246E-02,.69306809
-14934.781,-.39958607E-01,-.16973050E-01,.69300259
-14934.343,-.21314107E-01,-.12090623E-01,.69307386
-14934.718,-.13129771E-01,-.49039675E-02,.69310460
-14936.918,.13471259E-01,-.26020304E-03,.69319750
-14938.795,-.21808197E-01,-.13753747E-01,.69380112
-14940.916,.13793406E-01,.25466304E-01,.69313983
-14934.943,-.37265693E-01,-.13040685E-01,.69299858
-14936.256,-.87875387E-02,.13681695E-02,.69325536
-14934.195,-.14203807E-01,-.13650848E-01,.69300236
-14934.409,-.84008156E-02,-.12287598E-02,.69301576
-14937.583,-.10079427E-01,-.20882499E-02,.69353859
-14936.279,-.45589244E-01,-.16986493E-01,.69312328
-14936.705,.51061162E-02,-.37748856E-02,.69327908
-14935.428,-.31126572E-01,-.21268515E-01,.69319346
-14935.250,-.23402607E-01,-.19533964E-01,.69315297
-14935.146,-.16119356E-01,-.83455269E-02,.69319862
-14934.921,-.37466197E-01,-.23200303E-01,.69307835
-14934.869,-.39773001E-01,-.20319373E-01,.69305751
-14936.075,-.49029145E-01,-.31504783E-01,.69309346
-14934.914,-.14767395E-01,-.13087661E-01,.69313390
-14936.566,-.16704724E-01,-.10198389E-01,.69343509
-14937.416,-.35835378E-01,-.60152504E-02,.69318236
-14936.560,-.45897549E-01,-.27767552E-01,.69325391
-14935.067,-.11076587E-01,-.51298426E-02,.69316647
-14935.805,-.18888177E-01,-.22971100E-01,.69306099
-14935.559,-.41461958E-02,.66480182E-02,.69301873
-14935.664,-.13472147E-01,-.19285602E-01,.69306918
-14934.682,-.24097450E-01,-.75536479E-02,.69305478
-14934.209,-.28154100E-01,-.18510326E-01,.69302202
-14940.387,-.13016584E-02,-.19489464E-01,.69344014
-14934.577,-.40167792E-01,-.21742893E-01,.69300782
-14936.145,-.47026449E-01,-.20503883E-01,.69314381
-14933.929,-.18972958E-01,-.10202842E-01,.69300489
-14935.101,-.25051039E-02,-.85493020E-02,.69307528
-14935.246,-.23549929E-01,-.18790873E-01,.69316885
-14935.102,.74991571E-02,.29516750E-03,.69302895
-14935.698,-.38401800E-01,-.16640030E-01,.69317858
-14934.580,-.49846130E-02,-.28781000E-02,.69306047
-14935.633,-.46294958E-01,-.27217949E-01,.69310005
-14936.709,-.43580530E-01,-.35960162E-01,.69304163
-14934.848,-.11836501E-01,-.16532724E-01,.69300064
-14940.006,-.62269987E-02,-.94713798E-02,.69390852
-14934.325,-.19421485E-01,-.14537344E-01,.69305466
-14935.699,-.10659950E-01,-.13835790E-01,.69319332
-14935.621,-.13550863E-01,-.16892085E-01,.69314706
-14934.572,-.11202292E-01,-.51461389E-02,.69308645
-14934.157,-.17954345E-01,-.86234818E-02,.69303544
-14939.743,-.61836994E-01,-.39330806E-01,.69343899
-14934.760,-.15181379E-01,-.12179469E-01,.69312337
-14935.284,-.40926682E-01,-.14840485E-01,.69301821
-14935.541,-.43142110E-01,-.16799616E-01,.69305736
-14939.001,-.15785898E-01,.68032760E-02,.69334515
-14934.866,-.32129428E-01,-.13831715E-01,.69309403
-14935.514,-.32920368E-01,-.10026332E-01,.69310352
-14935.450,-.18703911E-01,-.21995386E-01,.69303963
-14936.843,.39932611E-02,.47241682E-02,.69331377
-14934.348,-.16268327E-01,-.71047498E-02,.69305865
-14934.505,-.26764862E-01,-.95392609E-02,.69303214
-14936.258,-.29976213E-01,-.21714277E-01,.69331984
-14935.815,-.41521868E-01,-.23170630E-01,.69319935
-14937.331,-.59269536E-01,-.26656717E-01,.69312491
-14934.027,-.16471568E-01,-.72002270E-02,.69300653
-14937.612,.81392280E-02,-.16690848E-02,.69339741
-14934.079,-.16911140E-01,-.88235266E-02,.69302634
-14935.300,-.32251014E-01,-.10952582E-01,.69310695
-14934.473,-.43581348E-02,-.19263353E-02,.69303511
-14935.581,-.44362956E-01,-.27057482E-01,.69310913
-14936.076,-.24186994E-01,-.16348485E-01,.69334299
-14936.278,-.26079144E-01,-.85209658E-02,.69331208
-14934.339,-.34706372E-01,-.16241381E-01,.69300270
-14934.647,-.27875942E-01,-.83481015E-02,.69301045
-14937.033,.10438811E-01,.35885038E-02,.69330445
-14937.136,-.28944211E-01,-.71655340E-02,.69336639
-14935.840,-.99373390E-02,-.38340726E-02,.69328017
-14935.019,-.34581034E-01,-.27000437E-01,.69301587
-14934.755,-.40468053E-01,-.21049595E-01,.69303272
-14934.831,-.35078973E-01,-.20926637E-01,.69309191
-14936.375,-.58787017E-01,-.28484938E-01,.69300071
-14934.205,-.70213232E-02,-.71152305E-02,.69300999
-14936.472,.10349130E-01,-.65775403E-02,.69303931
-14935.026,-.93754139E-02,-.91432615E-02,.69314787
-14934.557,-.27309880E-01,-.21636449E-01,.69302518
-14934.175,-.17428331E-01,-.74741877E-02,.69302975
-14937.147,-.31035192E-01,-.18241078E-01,.69350523
-14934.788,-.13490647E-01,-.36876259E-02,.69309618
-14935.317,-.43830861E-01,-.29771076E-01,.69302111
-14934.280,-.16259409E-01,-.15353511E-01,.69300768
-14938.258,-.33192985E-01,-.29182531E-01,.69346310
-14934.925,-.14028127E-01,-.83729226E-02,.69316154
-14935.664,-.29311435E-01,-.89480746E-02,.69316909
-14935.515,-.18345730E-01,-.17041594E-01,.69319775
-14937.374,.19626686E-01,.14799415E-01,.69314161
-14936.326,-.22933802E-01,-.24501861E-01,.69316515
-14935.557,.29113266E-02,-.85441615E-02,.69303446
-14934.895,.62299953E-02,-.74258883E-03,.69300767
-14936.834,-.24227944E-01,-.21520758E-01,.69337192
-14935.755,-.37739297E-01,-.25196688E-01,.69319002
-14934.647,-.38881320E-01,-.23541797E-01,.69302274
-14934.342,-.39118015E-02,-.47821544E-02,.69301653
-14936.731,-.16877080E-01,-.25871688E-01,.69301416
-14934.122,-.17256599E-01,-.11367427E-01,.69303563
-14934.861,-.37065209E-01,-.22175049E-01,.69307885
-14937.080,.22341781E-01,.89221974E-02,.69313265
-14934.327,-.83315378E-02,-.76275519E-02,.69303761
-14938.980,-.32280655E-01,-.89382988E-02,.69365904
-14934.442,-.10941795E-01,-.54677326E-02,.69306752
-14936.057,-.24784075E-01,-.18322099E-01,.69331825
-14935.221,.89040486E-02,.58145421E-02,.69301809
-14934.990,-.32297507E-02,-.39066501E-02,.69311724
-14937.629,-.42470741E-01,-.19004063E-01,.69346426
-14934.539,-.10920010E-01,-.10535899E-01,.69306902
-14935.391,.37011585E-02,.27857717E-02,.69310786
-14935.863,-.28548030E-01,-.14712754E-01,.69330305
-14935.221,-.28487114E-01,-.18100515E-01,.69319254
-14934.187,-.29828676E-01,-.17029836E-01,.69302339
-14934.413,-.12570493E-01,-.13762278E-01,.69301537
-14939.067,-.13936947E-01,-.23643710E-01,.69342887
-14935.613,-.22026804E-01,-.15771052E-01,.69326513
-14937.705,-.43002094E-01,-.26784363E-01,.69347703
-14934.698,-.28742583E-01,-.94841856E-02,.69303290
-14934.951,-.26099428E-01,-.73670912E-02,.69306432
-14936.849,-.56231415E-01,-.30713597E-01,.69314640
-14934.167,-.10401210E-01,-.53555996E-02,.69302174
-14934.583,-.38649935E-01,-.21388629E-01,.69302407
-14934.876,-.21791068E-01,-.17802466E-01,.69311273
-14935.299,-.19643795E-01,-.10640783E-02,.69303161
-14934.712,-.28710655E-01,-.12005443E-01,.69308483
-14935.362,-.24390675E-01,-.14714668E-01,.69323570
-14936.775,-.10784604E-01,-.23858101E-02,.69340984
-14937.798,-.16909374E-01,.43147714E-02,.69325767
-14935.701,-.25112297E-01,-.12562959E-01,.69328528
-14935.311,-.46157231E-02,.22782359E-02,.69310678
-14937.360,-.23994691E-01,-.11353317E-02,.69327884
-14935.444,-.49466870E-01,-.29952758E-01,.69300860
-14934.154,-.10298731E-01,-.78620686E-02,.69302228
-14935.045,-.17757760E-01,-.10391283E-02,.69302230
-14935.353,-.61863060E-02,-.10252701E-01,.69314379
-14936.027,-.20716947E-01,-.17148262E-01,.69330382
-14935.003,-.18564194E-01,-.16615121E-01,.69312579
-14935.837,-.17365998E-01,-.83125047E-02,.69330899
-14939.266,.25003485E-01,.10759008E-01,.69342847
-14937.644,-.65437000E-02,.11044251E-01,.69310620
-14934.552,-.26627039E-01,-.21295925E-01,.69302679
-14934.961,-.29941821E-01,-.25380093E-01,.69301407
-14934.508,-.25234292E-01,-.16343975E-01,.69308725
-14936.228,-.53079389E-01,-.27901864E-01,.69310160
-14938.994,-.42525431E-02,-.17474763E-01,.69343483
-14937.420,.86806721E-02,.25069448E-02,.69338831
-14934.584,-.39958757E-01,-.24502558E-01,.69299726
-14934.315,-.33538937E-02,-.11212362E-02,.69300040
-14934.178,-.20633498E-01,-.14947830E-01,.69303248
-14935.193,-.15278785E-01,-.19720148E-01,.69301513
-14936.280,-.20686592E-01,-.87967888E-02,.69337189
-14936.115,.82910422E-02,-.72990907E-02,.69301876
-14934.632,-.41598201E-01,-.22372656E-01,.69300126
-14938.493,-.13238033E-01,-.63218118E-02,.69373191
-14936.081,-.42013287E-01,-.14894629E-01,.69312600
-14937.630,-.16165512E-01,-.25710792E-01,.69314780
-14934.527,-.22648802E-02,-.65995667E-02,.69301177
-14934.993,-.22324577E-01,-.94379172E-02,.69315758
-14935.240,-.25631456E-01,-.87797071E-02,.69315278
-14936.996,.41820647E-02,-.12103687E-01,.69309498
-14936.679,.17792844E-01,.15637181E-01,.69301324
-14939.588,.52835271E-02,-.23707599E-02,.69375487
-14935.697,-.22161136E-01,-.12772125E-01,.69329505
-14935.787,-.30622752E-01,-.12186042E-01,.69324072
-14933.982,-.21899541E-01,-.10060064E-01,.69300152
-14935.597,-.22658381E-01,-.23663798E-01,.69307406
-14935.795,-.21607506E-01,-.44748494E-03,.69304706
-14934.776,-.27479366E-01,-.18125780E-01,.69311857
-14934.272,-.12298622E-01,-.78724491E-02,.69305058
-14937.312,.79182496E-02,-.84833104E-02,.69317661
-14934.977,-.25369081E-01,-.22985799E-01,.69303785
-14935.020,-.76242105E-02,-.12149326E-01,.69307303
-14934.719,-.14128010E-01,-.22967065E-02,.69305177
-14935.622,-.34263490E-01,-.26250531E-01,.69313489
-14937.741,.29146897E-02,-.12150658E-01,.69325228
-14935.298,-.12013140E-01,-.75035008E-02,.69321598
-14935.542,-.34238563E-01,-.27995735E-01,.69306858
-14938.153,-.61228778E-01,-.36893374E-01,.69322534
-14935.813,-.44002102E-02,-.30081840E-02,.69325694
-14935.008,-.32605412E-01,-.20188845E-01,.69313524
-14937.982,-.11311930E-01,-.11603432E-01,.69361658
-14936.490,-.23032282E-01,-.26042477E-01,.69312625
-14935.494,.27344077E-02,-.37043802E-02,.69312797
-14935.039,-.21448966E-01,-.38226344E-02,.69305234
-14936.547,-.35824015E-01,-.20816861E-01,.69337378
-14934.347,-.13000753E-01,-.51045238E-02,.69304703
-14936.486,.23350750E-01,.90034385E-02,.69302142
-14934.560,-.34858248E-01,-.18694009E-01,.69305294
-14935.148,-.40083548E-01,-.25891933E-01,.69307342
-14934.143,-.10182188E-01,-.80729679E-02,.69301905
-14935.160,-.92491932E-02,-.17723428E-02,.69314361
-14937.082,.24296960E-01,.92742758E-02,.69309759
-14935.862,-.23342178E-01,-.18712216E-01,.69326982
-14934.625,-.31105316E-01,-.20947225E-01,.69306507
-14936.099,-.11427078E-01,-.10218946E-01,.69333010
-14935.414,-.42340430E-01,-.18193643E-01,.69308264
-14937.154,.11445249E-01,.15549963E-01,.69306994
-14938.406,-.20251146E-01,-.31538097E-01,.69303168
-14935.735,-.33037954E-01,-.12567373E-01,.69320201
-14936.292,-.40867419E-01,-.14447385E-01,.69317772
-14934.972,.13265870E-03,-.18008287E-02,.69308792
-14933.951,-.14385834E-01,-.76008230E-02,.69300117
-14935.376,-.10173716E-01,-.67242693E-02,.69322126
-14934.487,-.15672467E-01,-.10544674E-01,.69309286
-14938.445,-.31930016E-01,-.36362363E-01,.69307695
-14934.569,-.39938994E-01,-.20444797E-01,.69300590
-14935.775,-.51575192E-02,.15941283E-02,.69319432
-14937.370,-.45716288E-01,-.18605280E-01,.69334378
-14934.686,-.16083941E-01,-.15920208E-01,.69305978
-14936.428,-.43220956E-02,.65252652E-02,.69316137
-14934.598,-.22586745E-01,-.17511002E-01,.69307824
-14937.612,-.17789949E-01,-.10653520E-01,.69360744
-14937.427,-.30583077E-01,-.27290524E-01,.69336298
-14934.816,-.13228743E-01,-.10117457E-01,.69313645
-14934.735,-.32973506E-02,.44880379E-03,.69305031
-14938.526,.39477330E-02,.27659153E-02,.69360756
-14941.660,-.27120848E-01,.27102608E-03,.69383099
-14934.874,-.23023890E-01,-.17412261E-01,.69312778
-14936.516,-.14503283E-01,-.17932655E-02,.69332838
-14937.938,-.44885226E-01,-.16778794E-01,.69341545
-14934.988,-.19885092E-01,-.14046278E-01,.69317010
-14935.079,-.78947809E-02,-.66418740E-02,.69316043
-14936.500,-.49794450E-01,-.37037340E-01,.69300438
-14936.134,-.34926619E-01,-.17976924E-01,.69331172
-14934.771,-.37538472E-01,-.19702474E-01,.69306483
-14937.303,.15123245E-01,-.45265182E-02,.69309393
-14938.483,.79180631E-02,.65279633E-02,.69353301
-14934.797,-.90241220E-02,-.61062273E-03,.69306426
-14934.519,-.70179846E-02,-.39933975E-02,.69306363
-14936.749,-.20908659E-01,-.43588452E-03,.69321856
-14938.826,-.18300369E-02,-.16066498E-02,.69372114
-14937.506,-.62278344E-01,-.35713046E-01,.69311338
-14934.420,-.89299114E-02,-.40341311E-02,.69305200
-14934.299,-.34479565E-01,-.21759299E-01,.69299912
-14936.226,-.19984955E-01,-.15674065E-01,.69335459
-14934.308,-.28529475E-01,-.16127167E-01,.69304972
-14937.054,.10746978E-02,-.66614395E-03,.69341234
-14938.146,-.26354553E-01,-.60918480E-02,.69354930
-14934.750,-.16214267E-01,-.99853979E-02,.69313822
-14934.695,-.19108266E-01,-.92604284E-02,.69312446
-14935.332,-.30821857E-02,-.12699166E-01,.69301291
-14934.568,-.25008315E-01,-.83576456E-02,.69304155
-14936.003,-.57857471E-03,-.76447210E-02,.69320324
-14936.207,-.30779963E-01,-.39176964E-02,.69303591
-14938.415,.19895530E-02,-.18992773E-01,.69302190
-14939.383,-.44186250E-01,-.42980766E-01,.69308864
-14937.062,-.17766249E-01,-.13832026E-01,.69349893
-14936.411,-.45268703E-01,-.19088019E-01,.69320303
-14934.942,.30294093E-02,.39011991E-02,.69302492
-14936.835,-.36187119E-01,-.11863521E-01,.69330545
-14937.496,.12858997E-01,-.46028970E-02,.69319298
-14935.641,-.22662168E-01,-.88753664E-02,.69325324
-14934.536,-.77611115E-02,-.47778950E-03,.69302529
-14937.178,-.11468914E-02,-.12911991E-02,.69345077
-14935.614,-.31741901E-02,-.10573072E-01,.69312387
-14936.968,-.58938065E-01,-.34449000E-01,.69309269
-14937.013,-.62202085E-01,-.36780353E-01,.69301693
-14936.764,.41054446E-02,.77039852E-02,.69323750
-14934.321,-.69946188E-02,-.32303491E-02,.69302707
-14935.791,-.42859605E-01,-.28998600E-01,.69311863
-14934.629,-.58992011E-02,-.10331379E-01,.69302103
-14937.554,.70469552E-02,-.82789656E-02,.69324906
-14934.766,-.42025932E-02,-.70519508E-03,.69307063
-14935.902,.12279643E-01,.60904967E-02,.69309549
-14934.192,-.25741198E-01,-.98778950E-02,.69299981
-14935.422,-.35097901E-01,-.10444772E-01,.69305190
-14934.274,-.35093304E-01,-.18725745E-01,.69300345
-14934.746,-.12263451E-01,-.74096335E-03,.69303525
-14938.627,.11746922E-01,.73995327E-02,.69352030
-14935.099,-.64709948E-02,-.14267080E-01,.69300212
-14934.524,-.18575182E-01,-.80231568E-02,.69308731
-14936.798,-.57224559E-01,-.26660525E-01,.69309335
-14935.256,-.16581459E-02,-.11170666E-01,.69301642
-14934.157,-.22887681E-01,-.13372241E-01,.69304165
-14935.754,.10718824E-03,-.50812456E-02,.69319321
-14936.233,-.14257330E-01,-.34255930E-02,.69332157
-14935.006,.62957351E-02,.45493048E-02,.69301387
-14936.759,-.24698790E-01,-.57664956E-02,.69334024
-14935.995,-.42996697E-01,-.23764471E-01,.69321287
-14936.298,-.20937118E-01,-.92788211E-02,.69337871
-14935.812,-.21862580E-01,-.22706014E-01,.69313118
-14935.829,-.31673820E-01,-.83566515E-02,.69313040
-14938.486,-.33860868E-01,-.65692025E-02,.69344687
-14935.502,-.34552831E-01,-.10596535E-01,.69308277
-14935.133,-.34004191E-01,-.17249254E-01,.69315072
-14934.504,-.34071202E-01,-.23589360E-01,.69300799
-14935.066,-.19405623E-01,-.17972121E-01,.69311581
-14936.269,-.29834671E-01,-.49702869E-02,.69311973
-14934.014,-.11499410E-01,-.95219350E-02,.69299871
-14938.212,-.32576838E-02,-.82274179E-03,.69362454
-14937.130,-.21921158E-01,-.21866917E-01,.69337718
-14935.664,-.22159379E-01,-.11523908E-01,.69328660
-14937.401,-.33483582E-01,-.34788647E-01,.69304632
-14937.088,-.52322483E-01,-.29943385E-01,.69325353
-14934.763,-.27451768E-01,-.98035036E-02,.69307057
-14936.362,-.54048679E-01,-.35839512E-01,.69301487
-14934.198,-.11798274E-01,-.71550146E-02,.69303648
-14935.388,-.12762491E-01,-.17265566E-01,.69308247
-14934.857,-.19376439E-02,.32912367E-02,.69302115
-14934.263,-.22829561E-01,-.75301402E-02,.69300133
-14938.469,-.59036178E-02,-.17364328E-01,.69340656
-14934.965,-.16305228E-01,-.16869129E-01,.69308561
-14934.541,-.30995970E-01,-.19391600E-01,.69306758
-14935.654,-.49082543E-01,-.23851457E-01,.69306092
-14934.370,-.23998144E-01,-.11737319E-01,.69306706
-14938.395,.54141226E-02,.11383917E-01,.69338759
-14935.734,-.31425881E-01,-.18262308E-01,.69326974
-14935.195,-.27709820E-01,-.21643373E-01,.69313303
-14937.069,-.40694460E-01,-.36916202E-01,.69301396
-14935.734,-.37057680E-01,-.21104647E-01,.69322955
-14934.223,-.28997827E-01,-.18614785E-01,.69302338
-14934.687,-.38257089E-01,-.18110749E-01,.69303119
-14935.709,-.31088569E-01,-.57043382E-02,.69302491
-14934.848,-.24725170E-01,-.70730056E-02,.69306152
-14935.698,-.16103414E-01,-.17917608E-01,.69317300
-14935.550,-.12897426E-01,-.96986640E-02,.69325606
-14937.338,-.31545146E-01,-.18338587E-01,.69353461
-14936.807,-.28766397E-02,-.15092263E-01,.69315197
-14936.425,.78854736E-02,-.69630800E-02,.69309086
-14934.734,-.10995044E-01,-.12957148E-01,.69306219
-14934.374,-.19597962E-01,-.61301471E-02,.69302631
-14935.065,-.31450452E-01,-.97447865E-02,.69305118
-14934.969,-.44745324E-02,-.10549100E-02,.69310745
-14935.024,-.29392513E-01,-.14491025E-01,.69315696
-14934.435,-.23060664E-01,-.14067946E-01,.69308588
-14935.340,-.44660194E-01,-.19671003E-01,.69304664
-14935.519,-.16165763E-01,-.81059950E-02,.69325805
-14934.855,-.15137341E-01,-.64424278E-02,.69313825
-14935.726,.11983593E-02,.34456047E-02,.69316075
-14937.254,-.60397818E-01,-.33384815E-01,.69312471
-14935.273,.11554506E-01,.50664681E-02,.69300882
-14934.296,-.19640932E-01,-.54713157E-02,.69299942
-14935.348,-.27752177E-01,-.11800820E-01,.69319775
-14936.065,-.49454626E-01,-.27011996E-01,.69313517
-14935.584,-.40612744E-02,.68068156E-03,.69318320
-14936.457,-.24643629E-01,-.69652358E-02,.69332473
-14938.586,-.67911731E-01,-.34352087E-01,.69316570
-14935.526,.57733430E-02,.34863280E-02,.69311058
-14934.872,-.36127422E-01,-.27029661E-01,.69299997
-14935.575,-.30097295E-01,-.14473084E-01,.69324183
-14936.725,-.80314058E-02,-.11370246E-01,.69337200
-14934.346,-.31906731E-01,-.17908951E-01,.69303814
-14934.096,-.16757234E-01,-.92220370E-02,.69303096
-14935.054,-.26846511E-01,-.10452871E-01,.69313871
-14935.826,.96852956E-02,.11277468E-01,.69300144
-14937.887,-.92568852E-02,-.52546069E-02,.69362102
-14934.718,-.21546085E-01,-.12907692E-01,.69313496
-14935.668,-.28594762E-01,-.13035158E-01,.69325731
-14938.420,-.10754860E-01,.12161624E-01,.69305163
-14935.668,-.12306655E-01,-.66526146E-02,.69327434
-14935.542,-.73707031E-03,-.38020409E-02,.69318183
-14936.866,-.18865862E-01,-.22343562E-01,.69325984
-14937.915,-.28870340E-01,-.98974192E-02,.69357240
-14936.530,-.95997337E-02,-.18667746E-01,.69313956
-14934.748,-.25553571E-01,-.17330599E-01,.69311866
-14934.808,-.33138267E-01,-.25607101E-01,.69301005
-14936.961,-.49831678E-02,.11485368E-01,.69300481
-14934.706,-.35900193E-01,-.20951253E-01,.69306659
-14935.599,-.22666351E-01,-.13877888E-01,.69327737
-14934.044,-.19949260E-01,-.11175660E-01,.69302510
-14936.564,-.14658402E-02,.57906019E-02,.69323376
-14934.653,-.10522706E-01,-.25032015E-02,.69306869
-14935.932,-.26584121E-01,-.27289699E-01,.69305054
-14936.712,-.50721770E-01,-.24335651E-01,.69321029
-14935.340,-.41840896E-01,-.17178592E-01,.69306166
-14934.091,-.25590015E-01,-.18231030E-01,.69300012
-14935.445,-.70689220E-02,-.11296972E-02,.69318518
-14937.452,.25416120E-01,.17084211E-01,.69306799
-14934.123,-.21461251E-01,-.10745165E-01,.69303224
-14935.734,-.41804029E-02,.32849244E-02,.69315274
-14936.436,.67352534E-02,-.29286051E-02,.69321857
-14936.934,-.33004701E-01,-.30022652E-01,.69320608
-14935.504,-.41416729E-01,-.26820232E-01,.69311441
-14936.184,-.46904599E-01,-.24355769E-01,.69319260
-14940.023,.37231523E-01,.15790647E-01,.69329817
-14935.859,-.11041853E-01,-.11578239E-01,.69326986
-14935.232,.85868709E-02,.34545124E-02,.69304005
-14934.729,-.10690658E-01,-.52710823E-02,.69311264
-14934.384,-.24687198E-02,-.98024189E-05,.69299850
-14934.192,-.27612210E-01,-.14169887E-01,.69303077
-14942.575,-.60884667E-01,-.42238540E-01,.69383939
-14938.320,-.40033526E-01,-.10754904E-01,.69341407
-14934.832,-.10986009E-01,-.11957677E-01,.69309671
-14934.020,-.10985252E-01,-.69952886E-02,.69300484
-14935.122,.54944795E-02,.32285956E-03,.69305874
-14935.575,-.34095656E-01,-.20199103E-01,.69322403
-14935.343,-.11457903E-01,-.77054148E-02,.69322122
-14936.134,-.49262402E-02,.66152238E-02,.69310329
-14938.019,-.11778559E-01,-.62452195E-02,.69365320
-14938.489,-.29012491E-01,-.27536075E-02,.69340885
-14935.611,.31303674E-03,-.11022242E-01,.69302967
-14937.318,-.63956256E-01,-.34911214E-01,.69305226
-14937.233,.99000947E-02,.14189959E-01,.69312637
-14934.046,-.11310263E-01,-.66771995E-02,.69300938
-14934.622,-.25553245E-01,-.66474167E-02,.69299934
-14934.337,-.14395241E-01,-.95876182E-02,.69306651
-14935.101,-.42726336E-02,-.82849726E-02,.69310869
-14936.178,-.53080466E-01,-.26939886E-01,.69309012
-14935.635,-.31336955E-01,-.23806289E-01,.69318058
-14935.894,-.15056583E-01,-.16553498E-01,.69322628
-14938.761,-.50949829E-01,-.17502042E-01,.69339383
-14935.017,-.33686078E-01,-.21760349E-01,.69311955
-14934.601,-.89362628E-02,-.10606170E-01,.69305560
-14934.219,-.23422579E-01,-.18665342E-01,.69300188
-14934.488,-.43516973E-02,.60516819E-03,.69300761
-14934.422,-.26643456E-01,-.17409832E-01,.69306590
-14935.898,-.17240611E-01,-.14267240E-01,.69329934
-14940.085,-.60752834E-01,-.41138186E-01,.69345354
-14935.640,-.27027613E-01,-.19756348E-01,.69323848
-14936.606,.65067612E-02,.70249911E-02,.69322935
-14936.152,-.37058428E-01,-.17157325E-01,.69328263
-14934.141,-.11016681E-01,-.53813121E-02,.69301830
-14934.632,-.35488659E-01,-.16436395E-01,.69304320
-14934.293,-.10393636E-01,-.86077282E-02,.69304190
-14937.225,-.25690498E-02,-.15912833E-01,.69317296
-14934.435,-.39764931E-02,-.75339728E-02,.69300834
-14936.587,-.15711935E-01,.31887050E-02,.69314210
-14934.118,-.13915932E-01,-.11600202E-01,.69301544
-14934.866,-.34118550E-01,-.26082150E-01,.69301307
-14934.618,-.40834183E-01,-.24166330E-01,.69300025
-14934.413,-.23256858E-01,-.66699563E-02,.69300123
-14934.504,-.26863324E-01,-.16626346E-01,.69308479
-14935.868,-.17036605E-01,-.64358194E-02,.69329511
-14935.721,-.98180952E-02,-.70075824E-02,.69327533
-14935.189,-.45756483E-01,-.22320483E-01,.69303271
-14935.641,.20299565E-02,.92343655E-02,.69299877
-14935.612,-.45870489E-01,-.27394033E-01,.69309868
-14940.669,-.20972166E-01,.18623043E-02,.69375387
-14937.479,-.28920669E-01,-.23924662E-01,.69346254
-14936.878,-.58819818E-01,-.33648429E-01,.69308777
-14937.349,.13892363E-01,-.17614640E-02,.69322258
-14935.124,-.37028208E-01,-.27758030E-01,.69302673
-14937.013,-.38422123E-01,-.91996027E-02,.69317999
-14934.742,-.32940529E-02,-.58730439E-02,.69306767
-14934.418,-.90176838E-02,-.24821220E-02,.69303494
-14934.552,-.14497084E-01,-.15596376E-01,.69302398
-14935.139,-.46917715E-01,-.24920833E-01,.69301759
-14936.557,.91251652E-02,-.37248026E-02,.69317027
-14935.450,-.49452559E-02,-.40273475E-02,.69320377
-14935.792,-.22546300E-01,-.23886672E-01,.69309529
-14940.851,-.71023526E-01,-.43077017E-01,.69340904
-14935.393,.45089791E-02,-.39132161E-02,.69307896
-14935.766,-.32002990E-01,-.62869568E-02,.69303426
-14936.869,-.93063672E-02,.39591296E-02,.69326585
-14936.540,-.39782864E-01,-.32868554E-01,.69310798
-14934.526,-.57803264E-02,-.94203334E-02,.69301964
-14936.380,.15078670E-01,.47951352E-02,.69313593
-14935.097,-.26205192E-01,-.21332132E-01,.69311193
-14936.637,-.27483465E-01,-.21222291E-01,.69337793
-14934.891,-.30932483E-01,-.10789097E-01,.69305891
-14935.661,-.35104957E-02,-.97798230E-02,.69315727
-14936.729,-.59761060E-01,-.29533271E-01,.69304461
-14938.278,-.21511337E-01,-.31440142E-02,.69356100
-14935.221,-.39413505E-01,-.20459084E-01,.69312135
-14936.179,-.63587608E-02,-.35306218E-02,.69332692
-14939.227,.28934785E-01,.12664516E-01,.69334817
-14935.874,-.49129714E-01,-.20796467E-01,.69305227
-14935.327,-.22850709E-01,-.19824467E-01,.69315328
-14939.354,-.49131680E-01,-.16860433E-01,.69353211
-14935.676,-.19661824E-01,-.23366773E-01,.69303993
-14934.889,-.33089122E-01,-.17995905E-01,.69312046
-14935.132,-.17812868E-01,-.25229923E-02,.69308311
-14934.889,-.38434827E-01,-.15652089E-01,.69302556
-14935.921,-.26497592E-01,-.19600093E-01,.69328463
-14934.950,-.21675577E-01,-.10698218E-01,.69316668
-14935.036,-.23244533E-01,-.15635458E-01,.69317601
-14935.379,-.30944456E-01,-.10422584E-01,.69313069
-14937.057,-.42841118E-01,-.28700734E-01,.69333699
-14937.112,-.16092707E-01,-.28297883E-02,.69343544
-14934.752,-.14153721E-01,-.16061457E-01,.69303958
-14934.060,-.27270910E-01,-.18080554E-01,.69300090
-14936.587,.10764815E-01,.14655933E-01,.69301119
-14935.561,-.21218518E-01,-.13321500E-01,.69327187
-14934.590,.20151198E-03,-.38320633E-02,.69301786
-14936.237,.73409688E-02,.30897595E-02,.69321360
-14935.508,-.37512286E-01,-.13999956E-01,.69311173
-14937.401,-.39445136E-01,-.94006591E-02,.69322158
-14934.967,-.17295898E-01,-.76489866E-03,.69300751
-14935.420,-.86486829E-02,-.47772280E-02,.69321785
-14935.789,-.32522691E-01,-.23164709E-01,.69322510
-14935.258,-.23204986E-01,-.67706372E-02,.69314333
-14935.259,-.33541756E-01,-.20520626E-01,.69317177
-14934.984,.27995632E-02,.51373576E-02,.69301047
-14935.918,-.24372460E-01,-.82126249E-02,.69326873
-14935.176,-.13704039E-02,.20991656E-02,.69309586
-14934.999,-.33530631E-01,-.19831323E-01,.69313281
-14944.524,-.82688781E-01,-.29484083E-01,.69337803
-14934.328,-.26164840E-01,-.15123512E-01,.69306184
-14935.939,-.28492494E-01,-.23687531E-01,.69321106
-14939.126,-.15781110E-01,-.13892333E-02,.69372838
-14935.745,-.28814241E-01,-.17160162E-01,.69328377
-14934.210,-.18207911E-01,-.57030881E-02,.69300417
-14936.106,.15961153E-01,.10114309E-02,.69303423
-14936.898,.58492922E-02,.12047912E-01,.69312644
-14934.706,-.19020561E-01,-.48610377E-02,.69305966
-14936.046,.25532943E-02,-.69925150E-02,.69316172
-14934.725,-.15821949E-01,-.10506757E-01,.69313223
-14934.915,-.36444115E-01,-.18210161E-01,.69309388
-14935.437,-.30794304E-01,-.12259213E-01,.69318164
-14936.304,-.23908566E-01,-.63358598E-02,.69329424
-14935.970,.10716642E-01,.82568182E-02,.69309283
-14934.047,-.92341141E-02,-.75396506E-02,.69299954
-14936.557,.78911160E-02,-.45846305E-02,.69317933
-14934.473,-.33409098E-01,-.18818443E-01,.69304926
-14936.392,-.15770938E-01,-.12527002E-01,.69338962
-14935.145,-.30893177E-01,-.92617610E-02,.69306178
-14938.703,.37196723E-01,.22740057E-01,.69303076
-14935.329,-.42829457E-03,-.53499380E-02,.69312965
-14935.191,-.33537996E-01,-.14020708E-01,.69313077
-14937.014,-.61027502E-01,-.37001994E-01,.69303162
-14943.258,.31257664E-01,.36420181E-02,.69374646
-14938.018,-.34359226E-01,-.83732189E-02,.69342933
-14937.585,-.33229369E-01,-.28762245E-01,.69336840
-14936.147,-.20688493E-01,-.20818984E-01,.69323110
-14936.645,-.59442981E-01,-.35278185E-01,.69301898
-14943.732,-.58516806E-01,-.39519588E-01,.69414007
-14935.678,-.27751929E-01,-.26137538E-01,.69307709
-14935.141,-.87680093E-02,-.13242722E-01,.69308559
-14934.209,-.21197711E-01,-.15829861E-01,.69303025
-14934.765,-.32739087E-01,-.19773449E-01,.69309754
-14934.611,-.19126719E-01,-.51276133E-02,.69304894
-14934.953,-.33657559E-01,-.26040368E-01,.69302574
-14935.533,.72290344E-02,.62118066E-02,.69307094
-14935.112,-.23155918E-01,-.12134375E-01,.69319529
-14937.586,.49742314E-02,.48860314E-02,.69342685
-14936.603,-.38391047E-01,-.11707720E-01,.69320819
-14935.646,-.47132699E-01,-.17895699E-01,.69299875
-14937.629,-.24751794E-02,.10958912E-01,.69318820
-14936.605,.21260651E-01,.35877600E-02,.69302870
-14934.127,-.27897181E-01,-.15307502E-01,.69302221
-14937.278,-.41114311E-01,-.34697162E-01,.69316646
-14936.833,.45046998E-02,.33963558E-03,.69334300
-14935.875,-.38192787E-01,-.21398946E-01,.69324353
-14935.072,-.53722531E-02,-.12172177E-01,.69303841
-14937.486,-.21638244E-01,-.13061804E-01,.69358837
-14934.092,-.15779610E-01,-.11638341E-01,.69302321
-14936.241,.11737190E-01,.20873976E-02,.69315510
-14935.625,-.38237941E-01,-.12779997E-01,.69308240
-14935.138,-.44640338E-01,-.25955195E-01,.69304253
-14936.184,-.30326953E-01,-.37916181E-02,.69303931
-14935.860,-.82181552E-02,.18975279E-02,.69318142
-14935.312,-.42435896E-01,-.19583765E-01,.69308428
-14934.938,-.42791346E-01,-.25847996E-01,.69302538
-14934.145,-.21582457E-01,-.13224008E-01,.69304046
-14934.664,-.18076041E-01,-.13458721E-01,.69311373
-14934.353,-.21021219E-01,-.11667946E-01,.69307523
-14935.701,.13270743E-01,.41488159E-03,.69302125
-14937.012,-.19698011E-01,-.20982210E-01,.69335069
-14935.740,-.29912430E-01,-.24964257E-01,.69315524
-14934.883,-.30095669E-01,-.21807107E-01,.69309161
-14939.203,-.11201367E-02,.30160472E-02,.69372678
-14935.726,-.48589546E-02,-.10202174E-01,.69318269
-14935.198,-.31123114E-01,-.19059117E-01,.69317834
-14935.049,-.66500125E-02,-.60769053E-02,.69314831
-14934.393,-.95439522E-02,-.61357839E-02,.69305890
-14936.517,-.38495002E-01,-.28432618E-01,.69324690
-14935.898,.49379752E-02,.82325614E-02,.69308732
-14936.927,.25081189E-01,.96786388E-02,.69305938
-14938.737,-.12505280E-01,-.18663049E-01,.69356930
-14935.079,-.45328293E-01,-.24692396E-01,.69302972
-14936.677,-.53222237E-01,-.32250307E-01,.69314783
-14934.693,-.11545221E-01,-.74125684E-02,.69311625
-14934.765,-.39350582E-01,-.25094136E-01,.69302312
-14934.543,-.11596621E-01,-.35951829E-02,.69306361
-14934.868,.14051677E-02,-.48292275E-02,.69303464
-14934.261,-.97624075E-02,-.67866144E-02,.69303881
-14937.692,.27484586E-01,.19689577E-01,.69302805
-14934.322,-.29196153E-01,-.18736071E-01,.69303868
-14939.295,-.20466335E-01,-.48217257E-02,.69379321
-14936.592,-.38764194E-01,-.78351267E-02,.69303657
-14935.545,-.32902102E-01,-.77997560E-02,.69303405
-14936.744,-.54366047E-01,-.24982034E-01,.69313688
-14934.126,-.24755540E-01,-.12911890E-01,.69303003
-14934.805,-.36597800E-02,-.10781833E-01,.69299839
-14937.483,-.42346162E-01,-.13758334E-01,.69331686
-14936.955,-.40187872E-01,-.13063531E-01,.69326431
-14935.654,-.12845895E-01,-.72691419E-02,.69327531
-14936.093,-.20004143E-01,-.55249000E-02,.69329084
-14936.392,.13126134E-01,-.47674792E-02,.69300500
-14935.680,-.46186510E-01,-.27278530E-01,.69310830
-14934.652,-.28233042E-01,-.18414387E-01,.69309596
-14934.378,-.58094971E-02,-.52199875E-02,.69303629
-14937.606,-.30195130E-01,-.18828684E-01,.69357972
-14934.872,-.23188442E-01,-.43965791E-02,.69301349
-14935.737,-.23403196E-01,-.51562207E-02,.69317562
-14939.016,-.33850143E-01,-.21362522E-01,.69378734
-14935.935,.34368051E-03,.33953061E-02,.69319550
-14934.826,-.43894636E-02,.19794576E-02,.69303614
-14933.995,-.12047711E-01,-.85409154E-02,.69300381
-14934.563,-.60095880E-02,-.44393384E-02,.69306765
-14939.634,-.70260868E-01,-.28252280E-01,.69314517
-14935.687,.23165638E-03,.76857187E-02,.69304515
-14935.607,-.75351368E-02,-.66582874E-02,.69324292
-14935.378,-.23992531E-02,.48906759E-02,.69306293
-14935.207,-.45756495E-01,-.21579520E-01,.69302828
-14936.042,-.19959353E-01,-.77913526E-02,.69332445
-14935.302,-.22031519E-01,-.15892359E-01,.69321273
-14936.446,-.37628206E-01,-.30678952E-01,.69315655
-14935.008,-.41678812E-01,-.17268053E-01,.69301120
-14936.213,-.54800294E-02,.42030639E-02,.69319444
-14937.433,-.13099459E-01,-.19291076E-01,.69334714
-14937.650,-.56001529E-01,-.35439916E-01,.69322884
-14935.761,-.43573686E-02,-.88979646E-02,.69320577
-14936.212,-.32335763E-02,-.12038239E-01,.69317924
-14936.356,-.32583018E-01,-.16537255E-01,.69336309
-14934.675,-.19660902E-01,-.74453984E-02,.69309782
-14935.070,-.24288770E-01,-.19915519E-01,.69312306
-14937.104,-.74680627E-02,.27357286E-02,.69336528
-14934.742,-.40821331E-01,-.20442855E-01,.69302288
-14934.298,-.23415850E-01,-.16144011E-01,.69305083
-14937.131,-.28512215E-01,.63976805E-03,.69301525
-14935.649,-.30177104E-01,-.24622917E-01,.69315284
-14937.238,-.26088991E-01,-.29594522E-01,.69314003
-14936.253,.88186668E-02,-.10426078E-02,.69317721
-14936.093,-.53318603E-01,-.28258896E-01,.69307471
-14935.134,-.37124026E-01,-.14495027E-01,.69306830
-14936.613,-.46505002E-01,-.32841151E-01,.69315864
-14935.931,-.12648646E-01,-.12515985E-01,.69328539
-14935.743,-.38023577E-01,-.23164156E-01,.69321316
-14934.512,-.36017863E-01,-.17150730E-01,.69302363
-14933.954,-.13781097E-01,-.90060429E-02,.69300326
-14934.657,-.85437588E-02,-.10462191E-01,.69306189
-14938.856,-.30849556E-01,-.82736589E-03,.69330819
-14935.444,-.46727888E-01,-.21817212E-01,.69305170
-14938.215,.20559860E-01,.10872356E-01,.69333068
-14936.115,-.37782407E-01,-.10562712E-01,.69310270
-14934.420,-.15940299E-01,-.57502027E-02,.69305532
-14936.509,-.18533977E-01,-.42718466E-02,.69334613
-14934.324,-.97270505E-02,-.27660977E-02,.69302197
-14936.251,-.29153172E-01,-.72677405E-02,.69321903
-14934.515,-.35543836E-01,-.21953997E-01,.69302988
-14934.027,-.16039267E-01,-.87873407E-02,.69301840
-14938.069,-.48625203E-01,-.31210967E-01,.69343776
-14937.389,-.31641406E-01,-.26156562E-01,.69340853
-14933.924,-.16560415E-01,-.98287423E-02,.69300399
-14935.781,-.29233683E-01,-.14393086E-01,.69328265
-14936.904,-.15473190E-02,-.31724005E-02,.69341139
-14935.284,-.22287094E-01,-.11363840E-01,.69322299
-14937.500,-.20215123E-02,-.19143845E-01,.69302708
-14936.284,.33704182E-02,-.29922155E-02,.69325214
-14935.198,-.31473379E-01,-.13133686E-01,.69314731
-14934.279,-.20043522E-01,-.67261170E-02,.69301779
-14936.125,-.19588113E-01,-.54581673E-02,.69329908
-14934.652,-.10975707E-01,-.83170010E-04,.69301484
-14936.285,-.40579487E-01,-.32129919E-01,.69310176
-14935.604,-.73914451E-03,-.40865706E-02,.69318997
-14935.926,-.54441507E-01,-.27708287E-01,.69302257
-14935.944,-.21495987E-01,-.20586894E-01,.69321705
-14937.086,-.42846735E-01,-.30014413E-01,.69331193
-14934.581,-.28552559E-01,-.18726971E-01,.69308143
-14934.093,-.17758170E-01,-.66801230E-02,.69300461
-14936.259,-.37736033E-01,-.77361631E-02,.69301022
-14937.377,.21305484E-01,.19334336E-01,.69300054
-14935.187,-.25787026E-01,-.91075852E-02,.69314876
-14934.130,-.97726012E-02,-.70354568E-02,.69301746
-14936.476,-.10895424E-02,.31980270E-02,.69328506
-14936.698,-.28018501E-01,-.69947413E-02,.69330703
-14941.762,.14909586E-01,.12037571E-02,.69395436
-14936.630,-.79650059E-02,-.16788119E-01,.69319195
-14934.484,-.81159108E-02,-.47384242E-02,.69306481
-14944.351,-.13221744E-01,.20789396E-01,.69318002
-14934.804,.58647853E-02,.11031057E-02,.69300473
-14935.836,-.31765798E-01,-.20775118E-01,.69326788
-14936.537,-.25849243E-03,-.13244146E-01,.69311023
-14938.428,.24096549E-01,.23291549E-01,.69301009
-14935.745,-.41119420E-01,-.17404474E-01,.69314879
-14934.907,-.23841726E-01,-.20439017E-01,.69307985
-14935.226,-.34711681E-01,-.13644781E-01,.69311060
-14935.646,-.45319947E-01,-.18148672E-01,.69305311
-14937.539,-.16786337E-02,.10200452E-01,.69322226
-14936.143,-.26351526E-01,-.11585808E-02,.69301765
-14934.055,-.23365179E-01,-.15097866E-01,.69301911
-14937.288,.38688612E-02,.11636032E-01,.69318744
-14934.500,-.27235426E-02,-.32947971E-02,.69303518
-14934.311,-.20242197E-01,-.10055768E-01,.69306333
-14937.684,.64170819E-02,-.72314661E-02,.69332265
-14934.837,-.11708794E-01,-.10094896E-01,.69312911
-14935.193,-.14383710E-01,-.98520155E-02,.69320499
-14938.257,.65138469E-02,-.13352373E-01,.69315148
-14934.412,-.16523617E-01,-.98359228E-02,.69308350
-14936.489,-.45633865E-01,-.35537772E-01,.69304089
-14936.220,.15917601E-01,.57055305E-02,.69309961
-14935.272,-.35316762E-03,-.96976091E-02,.69303244
-14934.594,-.10420853E-01,-.43882248E-02,.69308356
-14935.500,-.32130440E-02,-.91639699E-02,.69313936
-14934.771,-.32767652E-01,-.20161302E-01,.69309586
-14936.597,-.30996545E-01,-.29737727E-01,.69313019
-14935.813,-.41382600E-02,-.14067921E-01,.69306781
-14936.207,-.18433635E-01,-.44101665E-03,.69317903
-14937.843,-.44049200E-01,-.97783119E-02,.69315328
-14935.869,-.29440776E-01,-.54906504E-02,.69308473
-14936.621,-.31918435E-01,-.23696168E-01,.69334942
-14934.694,-.38769574E-02,-.37711314E-02,.69307486
-14936.748,-.65868021E-02,-.40708885E-02,.69342206
-14936.370,-.47610192E-01,-.29640727E-01,.69318442
-14934.544,-.38360119E-02,-.40260627E-02,.69305027
-14936.164,-.14072910E-01,-.10270977E-02,.69325502
-14935.506,.26317345E-02,-.37795260E-02,.69313056
-14936.653,-.18679848E-02,.68476368E-02,.69321128
-14936.634,.13681215E-01,-.33600710E-02,.69307192
-14936.376,-.38948880E-01,-.14463796E-01,.69323703
-14934.821,-.32417259E-01,-.24414914E-01,.69303777
-14935.256,-.13886187E-01,-.14295808E-01,.69315866
-14936.928,-.20160344E-01,-.21663701E-01,.69332132
-14935.484,.12054356E-02,.51513192E-02,.69308842
-14935.675,.28859405E-03,-.63963637E-03,.69319739
-14935.696,-.21241561E-01,-.23198764E-02,.69311313
-14935.272,-.39879369E-01,-.30057986E-01,.69299856
-14934.485,-.18731939E-01,-.15704072E-01,.69305968
-14935.443,-.27353172E-01,-.13583927E-01,.69323546
-14936.400,-.25445280E-01,-.27715818E-01,.69308433
-14934.717,-.16693679E-01,-.15245941E-01,.69308580
-14937.802,-.37604086E-01,-.27887875E-01,.69347171
-14935.543,.65806210E-03,.52928691E-02,.69309320
-14937.537,-.37801270E-01,-.26422641E-01,.69346359
-14934.677,-.17014257E-01,-.18565818E-01,.69300253
-14935.961,-.13907415E-02,-.13000804E-01,.69305949
-14934.505,-.22213256E-01,-.80116792E-02,.69305699
-14936.246,-.27821169E-01,-.11691688E-01,.69334373
-14935.521,-.16906106E-01,-.22337187E-01,.69299746
-14935.928,-.31836183E-01,-.25709789E-01,.69318236
-14936.487,-.35680581E-01,-.11930198E-01,.69326062
-14935.724,-.19362069E-03,-.11875769E-01,.69303117
-14940.337,-.22028241E-01,-.25690802E-01,.69374958
-14936.650,-.26275155E-01,-.29752887E-01,.69303932
-14935.037,-.29350284E-01,-.75649571E-02,.69302373
-14935.111,-.26607375E-01,-.22798660E-01,.69308022
-14934.501,-.22228234E-01,-.82911836E-02,.69306084
-14934.019,-.17574098E-01,-.12294479E-01,.69301534
-14934.990,-.33705198E-01,-.10041319E-01,.69299962
-14934.170,-.28621985E-01,-.17872144E-01,.69302056
-14934.990,-.18392311E-01,-.39827370E-02,.69309209
-14934.465,-.18686495E-01,-.12124842E-01,.69309251
-14935.569,-.12350748E-01,-.84144556E-02,.69326077
-14935.039,-.37850710E-01,-.17292228E-01,.69308683
-14940.100,-.23263382E-01,.64632337E-02,.69330971
-14934.881,-.20862891E-01,-.16308031E-01,.69313152
-14934.466,-.38234630E-01,-.20925047E-01,.69300873
-14936.378,-.12816952E-01,-.18969348E-01,.69318230
-14935.282,-.37400918E-01,-.14534821E-01,.69308849
-14937.487,-.44013421E-01,-.34457744E-01,.69323998
-14934.753,-.32781323E-01,-.16218216E-01,.69309330
-14934.594,-.29442020E-01,-.22647192E-01,.69302335
-14936.498,-.31834466E-01,-.45011480E-02,.69308086
-14935.239,-.21018048E-01,-.64556673E-02,.69315983
-14936.767,.41078031E-03,.73902711E-02,.69322967
-14934.878,-.60896558E-03,.26228020E-02,.69303936
-14935.796,-.30336775E-01,-.16387001E-01,.69328642
-14934.809,.20365645E-02,-.56061720E-02,.69300266
-14935.389,-.22947973E-02,-.86860763E-02,.69311510
-14934.440,-.25828001E-01,-.10670789E-01,.69305225
-14934.518,-.30224593E-01,-.13515565E-01,.69305580
-14934.485,-.14888619E-01,-.64618763E-02,.69307887
-14935.508,-.27816164E-01,-.14451081E-01,.69324796
-14934.550,-.25615378E-01,-.20690128E-01,.69303189
-14934.654,-.33139352E-02,-.69130608E-02,.69304269
-14935.876,-.29130930E-01,-.69771588E-02,.69314773
-14934.614,-.33003580E-01,-.17424934E-01,.69307437
-14934.506,-.14224577E-01,-.13683164E-01,.69305257
-14935.552,.71204930E-02,-.52006838E-02,.69302297
-14934.681,-.58321881E-02,-.70018870E-03,.69305707
-14936.779,-.17016146E-01,-.12402592E-01,.69346188
-14935.018,-.35418407E-02,-.28865454E-02,.69312371
-14935.081,-.20215119E-01,-.11300349E-01,.69319476
-14934.262,-.27863576E-01,-.17750574E-01,.69303713
-14936.228,-.23097884E-01,-.24013086E-01,.69317173
-14934.173,-.12461634E-01,-.12023764E-01,.69300581
-14934.711,-.30527147E-01,-.23096391E-01,.69303912
-14936.624,-.39265060E-01,-.29942993E-01,.69322436
-14935.616,.12798936E-01,.49910950E-02,.69304844
-14935.461,-.26700142E-01,-.12017797E-01,.69322946
-14936.568,.71333088E-02,-.15783636E-02,.69325119
-14943.696,.48826029E-01,.99218565E-02,.69331267
-14935.876,-.32844030E-01,-.25319448E-01,.69319250
-14938.132,-.23432818E-01,-.46205955E-02,.69355233
-14935.388,-.12662851E-02,.46080274E-02,.69307812
-14934.424,-.72764949E-02,-.67586444E-02,.69304948
-14935.708,-.49286202E-01,-.20233281E-01,.69300789
-14934.801,-.23108797E-01,-.20040007E-01,.69306456
-14937.579,-.92365474E-02,-.66624726E-04,.69350201
-14934.411,-.52880677E-02,-.77611179E-05,.69300372
-14935.352,-.92479167E-02,-.44095631E-02,.69320595
-14935.702,-.49786180E-01,-.24054424E-01,.69305653
-14939.175,-.55499578E-01,-.21279125E-01,.69343300
-14934.859,-.44286074E-02,.56964234E-03,.69306787
-14935.192,-.23562864E-01,-.23056766E-01,.69304522
-14934.827,-.28707543E-01,-.12902410E-01,.69311593
-14936.069,-.92531977E-02,.59189107E-02,.69305740
-14939.567,-.47154271E-01,-.60675758E-02,.69308436
-14935.065,-.31025917E-01,-.10122183E-01,.69306956
-14937.124,.16136489E-01,.46507036E-02,.69323486
-14937.296,-.91821852E-02,-.22644620E-01,.69304494
-14934.785,-.17206694E-01,-.13609370E-01,.69312620
-14936.914,-.90828561E-02,.29255145E-02,.69331228
-14935.577,.94614766E-02,.12295302E-02,.69308072
-14934.142,-.99700957E-02,-.49183017E-02,.69301448
-14936.742,.59315643E-02,.50881379E-02,.69328558
-14934.456,-.31563207E-01,-.12335908E-01,.69300921
-14935.809,-.27526123E-01,-.44087788E-02,.69307801
-14934.546,-.32655915E-01,-.18510751E-01,.69306639
-14935.821,-.19092462E-01,-.16574614E-01,.69326559
-14934.813,-.19695195E-01,-.35131150E-02,.69303314
-14935.312,-.29833510E-01,-.21879977E-01,.69315998
-14937.171,-.50150920E-02,.43128089E-02,.69334968
-14935.766,-.36028830E-01,-.25133503E-01,.69319190
-14934.822,-.14430936E-01,-.67853387E-02,.69313753
-14934.956,-.21163516E-01,-.19243309E-01,.69308774
-14934.497,-.37594260E-01,-.19194997E-01,.69301650
-14936.699,.11580417E-01,.57735584E-02,.69323086
-14935.758,.99125448E-02,.17095530E-02,.69310531
-14935.926,.13392162E-02,.96333610E-02,.69302355
-14935.917,-.23208727E-02,-.30826573E-03,.69324748
-14935.831,-.28632645E-01,-.12977103E-01,.69328331
-14935.033,-.27941643E-01,-.82846313E-02,.69307122
-14935.407,-.29795815E-01,-.10383107E-01,.69315393
-14936.072,.18671554E-01,.10956228E-01,.69301330
-14935.458,.17057456E-02,-.96518364E-02,.69301468
-14934.563,-.30317705E-01,-.20662042E-01,.69305769
-14934.852,-.94671316E-02,-.10004515E-01,.69311104
-14934.744,-.32315518E-01,-.16322012E-01,.69309692
-14935.918,-.24581967E-01,-.27322078E-01,.69300553
-14934.326,-.19609966E-01,-.16354888E-01,.69303021
-14937.132,-.60648435E-01,-.34701934E-01,.69308921
-14936.298,.13646604E-02,.31862159E-02,.69325629
-14935.947,-.14429713E-01,.15367738E-03,.69317934
-14935.387,-.27595115E-02,.60710649E-02,.69302557
-14935.268,-.97760451E-02,-.14291566E-01,.69309638
-14936.354,.35899553E-02,.12254712E-01,.69300866
-14934.728,-.39715939E-01,-.21798750E-01,.69303764
-14935.197,-.43175303E-02,-.10748602E-01,.69307516
-14933.893,-.18740869E-01,-.97939469E-02,.69299762
-14935.869,-.16390219E-01,-.10725960E-01,.69331977
-14935.506,.58435918E-02,-.64603810E-02,.69301370
-14935.419,-.11960787E-01,-.16285658E-01,.69310330
-14934.620,-.47081250E-02,-.26218323E-02,.69306452
-14936.288,.10853538E-01,-.18231411E-03,.69315514
-14937.141,.16560729E-01,.17127770E-01,.69303335
-14935.003,-.24184604E-01,-.22538977E-01,.69304051
-14935.892,-.74776179E-02,-.13135349E-01,.69318556
-14934.296,-.20744060E-01,-.90739509E-02,.69304968
-14936.690,-.58393236E-01,-.35738936E-01,.69303387
-14936.154,-.13795572E-01,-.47553347E-02,.69333363
-14934.567,-.22318529E-02,-.31214985E-02,.69304220
-14935.243,.83239306E-02,.69644398E-02,.69300869
-14936.866,.21235767E-01,.12930995E-01,.69308722
-14937.448,.10250136E-01,.14066007E-01,.69316763
-14937.937,.14063060E-01,.98910796E-03,.69336609
-14935.078,-.36266313E-01,-.15994570E-01,.69310048
-14936.511,-.17095842E-01,-.25096390E-01,.69302793
-14934.611,-.12717254E-01,-.42784890E-03,.69300031
-14934.417,-.19209338E-01,-.58440464E-02,.69303154
-14934.305,-.31682561E-01,-.15354660E-01,.69302359
-14939.291,-.86303969E-03,.93052105E-02,.69355378
-14935.609,-.90421299E-02,-.64110051E-02,.69325357
-14934.045,-.21997591E-01,-.16466130E-01,.69299963
-14935.016,-.34496661E-01,-.15020722E-01,.69310298
-14936.514,-.34627698E-01,-.32462846E-01,.69305007
-14934.966,-.21158963E-01,-.21073590E-01,.69303729
-14934.086,-.15962877E-01,-.10025089E-01,.69302952
-14935.124,.46074286E-02,-.12896618E-02,.69306350
-14933.957,-.19526861E-01,-.12868312E-01,.69300830
-14937.215,-.47928515E-02,-.36184350E-02,.69348661
-14936.928,-.16857275E-01,-.24747265E-01,.69310772
-14935.332,-.33993683E-01,-.19384106E-01,.69318721
-14936.662,-.14908558E-01,-.68687167E-02,.69343690
-14934.616,-.24308605E-01,-.18145093E-01,.69308177
-14934.694,-.22062683E-01,-.16053375E-01,.69311141
-14935.929,-.30524296E-01,-.13846647E-01,.69328977
-14935.790,-.31551294E-01,-.12613617E-01,.69323562
-14935.130,-.40409156E-01,-.22398949E-01,.69309738
-14935.264,-.93451174E-02,-.15881424E-01,.69303789
-14936.171,-.22973847E-02,.72020941E-02,.69311710
-14936.659,-.50281663E-01,-.16477311E-01,.69302351
-14937.245,.49074718E-02,.54469461E-02,.69336363
-14934.491,-.86519573E-02,-.62746832E-02,.69307083
-14934.771,-.17297842E-01,-.71366505E-02,.69312380
-14934.815,-.10130455E-02,-.78542376E-02,.69301673
-14936.052,-.36973005E-01,-.21835375E-01,.69327972
-14935.276,-.27798643E-01,-.23225518E-01,.69310776
-14938.093,-.34396909E-01,-.98800315E-02,.69349457
-14936.594,-.14774513E-01,-.11330869E-01,.69342669
-14935.022,-.10971688E-03,.48374805E-02,.69301812
-14937.886,-.33226838E-01,-.27593312E-01,.69346039
-14936.548,-.24103378E-01,-.23368352E-01,.69326511
-14934.468,-.11936103E-01,-.11054705E-01,.69306123
-14936.144,-.23580696E-01,-.79412981E-02,.69330994
-14935.229,-.96834881E-02,-.15553081E-01,.69305039
-14935.285,.34352633E-03,.32641584E-02,.69309367
-14935.488,-.12385310E-01,-.16830593E-01,.69310545
-14935.377,-.52207943E-03,-.40659230E-02,.69315107
-14937.526,-.29379190E-01,-.29385988E-01,.69327002
-14934.977,-.39202822E-01,-.25733940E-01,.69304955
-14935.262,-.15584976E-01,-.20616690E-01,.69299812
-14935.976,-.10221553E-01,-.77376615E-02,.69331721
-14934.280,-.13187780E-01,-.48950673E-02,.69303310
-14936.442,-.48387865E-01,-.26108698E-01,.69321569
-14934.328,-.11841085E-01,-.10087716E-01,.69304777
-14936.028,-.15652375E-01,-.16594300E-01,.69325602
-14935.357,-.40251223E-02,.39217467E-02,.69307601
-14935.416,-.95040071E-02,-.91026009E-02,.69321250
-14938.106,-.13398339E-01,-.21662908E-01,.69335925
-14935.750,.12799547E-01,-.16810411E-02,.69299992
-14934.128,-.10157632E-01,-.55536916E-02,.69301612
-14935.851,-.53534950E-02,-.98086149E-02,.69321924
-14934.186,-.25628511E-01,-.15939332E-01,.69303681
-14937.011,-.41002938E-01,-.36950683E-01,.69300755
-14934.557,-.24696142E-01,-.10762814E-01,.69308340
-14934.087,-.25973341E-01,-.17651807E-01,.69300754
-14934.745,-.76165407E-02,-.11070661E-01,.69305211
-14934.625,-.71964474E-02,-.92764572E-02,.69305720
-14935.211,-.22337721E-02,-.92636501E-02,.69307276
-14934.517,.12841389E-02,-.60433857E-03,.69300421
-14934.696,-.85563581E-03,.17077128E-02,.69302438
-14935.708,-.40267830E-01,-.16133894E-01,.69313512
-14935.239,.12091503E-02,-.52364709E-02,.69309150
-14934.778,-.36164567E-01,-.14145577E-01,.69302003
-14934.788,-.22439440E-01,-.15015553E-01,.69313823
-14934.622,-.32998080E-01,-.12950668E-01,.69302567
-14937.580,-.28640027E-01,-.69057252E-02,.69343742
-14937.697,-.54704754E-01,-.25100847E-01,.69329171
-14936.579,.14513689E-01,.13253221E-02,.69314686
-14935.018,-.28386147E-01,-.21311787E-01,.69311498
-14935.841,.11927404E-01,-.12748563E-02,.69304358
-14934.694,-.37077720E-01,-.15423659E-01,.69301398
-14935.715,-.47691948E-01,-.32068785E-01,.69302655
-14934.416,-.37718325E-01,-.18905421E-01,.69299982
-14936.266,-.39771399E-02,-.80232601E-02,.69329565
-14935.234,.82711060E-02,.35061155E-03,.69303878
-14934.483,-.10090656E-01,-.12619573E-01,.69301539
-14934.991,-.17537857E-01,-.12831975E-01,.69316971
-14934.098,-.17046789E-01,-.13367454E-01,.69301605
-14935.317,-.41517383E-01,-.27346829E-01,.69307414
-14934.654,-.13624098E-01,-.63640748E-02,.69310797
-14935.637,-.28638757E-03,-.72746066E-02,.69314655
-14939.938,-.16822306E-01,-.25000840E-01,.69358256
-14936.604,-.25954073E-01,.64623182E-05,.69304528
-14936.107,.11450706E-01,-.51024141E-02,.69299903
-14937.057,-.27423088E-01,-.12983169E-02,.69314509
-14935.491,-.67889602E-03,-.55480274E-02,.69315699
-14934.903,-.36434912E-01,-.17156186E-01,.69308318
-14935.284,-.37559838E-01,-.12644064E-01,.69303766
-14935.886,.12326211E-01,.25804896E-02,.69309230
-14934.756,-.20022329E-01,-.18708088E-01,.69305474
-14935.075,-.75109517E-04,.66290151E-03,.69309510
-14934.627,-.30222384E-01,-.16299643E-01,.69309372
-14935.394,-.43433024E-01,-.17531197E-01,.69304250
-14937.485,-.13549156E-01,-.11311169E-01,.69356237
-14934.659,-.16158870E-01,-.17217324E-01,.69302458
-14934.488,-.30111980E-01,-.13787664E-01,.69305514
-14935.163,-.17895983E-01,-.17066691E-01,.69313429
-14935.684,-.19860264E-01,-.14493485E-01,.69327969
-14934.923,.23465195E-02,-.35888181E-02,.69304403
-14939.985,-.59416572E-01,-.13585752E-01,.69302946
-14939.259,-.52394898E-02,.39977167E-03,.69377911
-14935.709,-.47323898E-01,-.26011941E-01,.69310717
-14937.885,-.38827002E-02,-.19666786E-01,.69312664
-14939.944,-.68689416E-01,-.25403478E-01,.69316982
