SampleLogFunc,SampleVariable1
-.92703943,-.12728625
-.92152543,.71929060E-01
-.94270801,-.21803432
-1.5614955,-1.1336287
-.91907056,-.16249433E-01
-.96040115,.28796743
-.93737239,-.19200967
-.91937875,.29672253E-01
-1.4327069,1.0136748
-.92064222,-.58372775E-01
-1.1337437,.65544663
-1.6215098,-1.1853871
-1.5240378,1.1000903
-1.1821903,.72560566
-1.0154360,-.43931189
-1.1834917,-.72739696
-1.1995181,.74910560
-.92244292,.83718378E-01
-3.0831725,-2.0804971
-.92776897,-.13289421
-1.0204018,-.45047368
-1.0492365,.51048607
-.94793497,-.24081712
-1.4023270,-.98324815
-1.0424493,-.49701268
-.94300307,.21938340
-.95455261,.26688603
-2.8059286,-1.9426735
-1.1225698,-.63817118
-1.1474388,.67601816
-1.4570340,-1.0373962
-.92836645,.13731657
-1.4645919,1.0446562
-1.0384473,-.48889420
-1.4984837,-1.0766106
-1.1436479,.67038695
-1.2948902,-.86712358
-1.0252092,.46102215
-.94973298,-.24817112
-1.6642054,1.2208741
-1.9835611,-1.4591933
-1.3238217,-.89987022
-.95739486,.27733129
-1.6252745,1.1885588
-.99750736,.39640591
-1.0588946,.52906715
-1.1623260,-.69769253
-1.8817796,1.3876895
-.91893867,.52680973E-03
-.97323662,-.32953933
-1.4279761,1.0089971
-1.1728052,-.71255409
-1.8290869,-1.3491837
-1.1088746,-.61633774
-.92064672,-.58449833E-01
-1.3011473,.87430972
-.92957144,-.14582800
-4.8442311,2.8018896
-.94450201,-.22611271
-1.5239649,-1.1000240
-1.0522813,.51641598
-.91903482,.13876822E-01
-.97025577,-.32036615
-1.5240476,-1.1000992
-.92929902,-.14394780
-.97033976,.32062822
-1.5674040,1.1388287
-1.0019366,-.40742627
-2.7558868,1.9167411
-1.0030980,-.41026693
-1.4975971,1.0757867
-3.7698478,2.3878481
-.92022121,-.50649252E-01
-.96881490,.31583657
-2.1150357,1.5466720
-1.4138848,.99493341
-1.0214421,-.45277720
-.95488909,-.26814384
-1.9527491,1.4379225
-3.5811564,2.3074739
-.96009870,.28691521
-.91992618,.44444354E-01
-1.8850699,-1.3900585
-.92287523,-.88732153E-01
-1.0331275,.47788902
-1.1112843,.62023507
-1.8780033,1.3849655
-.99106802,-.37981438
-2.1510058,-1.5697562
-1.4684961,-1.0483869
-1.1696555,-.70812006
-2.2220868,-1.6144028
-1.6230601,1.1866942
-2.7905858,1.9347595
-1.0523107,.51647296
-1.0681149,.54621667
-2.2258995,-1.6167628
-1.1329311,.65420576
-1.9509173,1.4366480
-1.0103911,.42767415
-2.0162476,-1.4814244
-1.4024946,-.98341863
-1.6594599,-1.2169810
-1.4973298,1.0755382
-2.4143558,1.7294029
-1.0118960,.43117856
-1.6453504,-1.2053314
-.92159885,.72942646E-01
-.97956434,.34821203
-1.1676524,.70528557
-.92789147,.13381284
-1.1196811,.63362857
-1.0982419,-.59883780
-1.9763197,1.4542222
-.91977866,-.40990873E-01
-.92494239,-.10957971
-2.0483361,-1.5029288
-.98206170,.35531160
-1.2001891,-.75000076
-1.0280698,.46718568
-1.1897477,.73594722
-1.0746229,-.55800431
-.92247078,-.84050556E-01
-1.1656558,.70244897
-1.1906107,-.73711892
-.97534585,.33587889
-.99835840,-.39854703
-2.4478273,-1.7486502
-1.0834564,.57361637
-1.1100692,.61827287
-1.7224985,1.2677224
-2.4136834,1.7290141
-2.1747240,1.5847937
-1.4033664,-.98430469
-1.2669793,-.83431507
-1.4044376,-.98539236
-.95654272,-.27424146
-1.2922295,.86404975
-1.6235207,1.1870822
-2.2943050,1.6585334
-.96990034,-.31925479
-1.5301786,-1.1056583
-.98753954,-.37040790
-1.0017565,-.40698392
-.98882623,.37386547
-.99285304,-.38448538
-.96561714,.30554414
-1.2628072,-.82929931
-.97986794,-.34908282
-.95889395,.28268505
-1.0511629,-.51424585
-1.2206080,-.77674901
-1.1789640,-.72114553
-1.4203889,1.0014494
-2.4978947,1.7770516
-.91922196,.23808645E-01
-2.5366077,-1.7987046
-1.6775436,1.2317508
-1.3961585,-.97695444
-.92109476,.65669244E-01
-1.2209435,.77718080
-1.6691397,1.2249091
-1.5261542,-1.1020124
-1.3986033,-.97945369
-.93465536,.17729538
-1.2646448,.83151216
-1.5939600,-1.1619135
-1.0945251,-.59259860
-.92554026,.11490629
-.92047218,-.55383123E-01
-.93910273,.20081932
-1.3376911,.91515308
-1.9471052,1.4339921
-1.0174033,.44376753
-.94617021,.23337384
-.92809304,.13531079
-2.1015103,1.5379023
-1.4125403,.99358117
-.96657118,.30865077
-1.3445984,-.92266984
-1.8860638,1.3907734
-1.9895678,1.4633039
-.92234934,.82593069E-01
-.92801314,-.13471903
-1.0913743,.58725761
-.99237970,.38325231
-1.3014171,.87461824
-1.8815494,-1.3875236
-1.3032596,-.87672235
-2.4622629,-1.7568861
-1.7392528,-1.2808702
-2.1709280,-1.5823966
-1.1746128,-.71508639
-.93996193,.20505314
-.92007559,.47687639E-01
-1.7265625,1.2709240
-.95383966,.26420117
-.92334792,.93908303E-01
-.97738528,-.34189691
-1.0023696,.40848762
-1.0494861,.51097462
-1.0513241,-.51455915
-2.0604573,-1.5109724
-1.0094273,.42541453
-.95737549,.27726146
-1.0042237,.41300155
-1.8518778,-1.3659716
-.93622386,-.18593185
-1.4211739,1.0022328
-1.9151003,1.4114969
-1.3153853,-.89044573
-.93692327,-.18965622
-3.1230031,-2.0995545
-.97604586,-.33795659
-1.3967168,-.97752577
-1.7361412,-1.2784386
-1.5582952,1.1308021
-3.3250534,2.1936795
-.96432968,-.30130101
-1.2975194,-.87015035
-1.0524620,.51676590
-1.0661681,-.54264081
-.92487459,-.10895919
-.93408486,-.17404786
-.92726236,.12902576
-1.1666012,-.70379353
-.94416287,.22460781
-.92959222,-.14597044
-2.0223161,-1.4855151
-2.5215633,-1.7903211
-1.2556232,-.82059088
-1.0778979,-.56384278
-1.0437072,-.49953720
-1.6403829,1.2012030
-.93545331,-.18174034
-1.0619093,-.53473494
-1.0466648,.50542307
-1.2623543,-.82875304
-1.0488250,.50967922
-2.1316979,-1.5574077
-1.4747556,-1.0543406
-.91902952,-.13490099E-01
-1.8564890,-1.3693432
-1.2049313,.75629719
-.92029464,-.52078822E-01
-1.9103749,-1.4081451
-.92573376,-.11657814
-.94977690,.24834802
-1.2107330,.76392989
-1.1420399,-.66798403
-2.6655515,-1.8690174
-2.3829907,-1.7111704
-1.6441347,-1.2043223
-.94329587,.22071403
-1.4403182,1.0211559
-1.3246442,.90078377
-.95538588,.26999018
-1.1378530,.66168650
-1.6434462,-1.2037505
-1.1078865,.61473234
-1.1858981,.73069776
-1.1634223,-.69926217
-1.8381754,-1.3559033
-.92138258,-.69914889E-01
-1.0034020,.41100731
-.99009517,.37724431
-1.6517257,-1.2106091
-2.4231825,1.7344994
-1.3922961,-.97299291
-1.2705248,-.83855386
-1.4771916,-1.0566486
-1.2664920,-.83373075
-2.0540108,-1.5066999
-.99576271,.39198004
-1.5301830,1.1056622
-1.1991785,.74865208
-1.3404872,-.91820332
-1.0009756,.40506060
-1.2031028,.75387568
-.92350864,-.95604505E-01
-1.0172081,-.44332723
-.95813944,-.28000323
-1.8801838,-1.3865391
-1.4481845,-1.0288303
-3.3541189,2.2068894
-1.1685037,-.70649154
-1.2451902,-.80777678
-1.0864618,.57883205
-1.6961241,-1.2467442
-.94025713,-.20648776
-1.1009610,-.60336143
-1.3401772,.91786559
-1.3524902,.93118383
-1.4801600,1.0594541
-1.0466741,-.50544155
-1.3574445,-.93648918
-.98831126,.37248551
-.93964835,-.20351812
-1.1607629,.69544855
-1.2824048,.85260343
-1.0820748,-.57120271
-1.0066621,-.41886416
-2.0234876,1.4863035
-.92945303,-.14501377
-.93454180,-.17665369
-.92709305,-.12770681
-1.1795623,-.72197480
-.91991777,-.44254610E-01
-1.2700191,-.83795060
-3.7165321,2.3654148
-2.6402099,1.8554090
-.93228579,.16338458
-1.4234242,-1.0044756
-1.3941346,.97488053
-1.9691559,-1.4492877
-1.3121330,.88678568
-1.7527923,1.2913975
-.92089775,.62597467E-01
-1.1315750,.65212951
-1.2896676,-.86107958
-1.9984521,1.4693628
-.98271594,-.35714818
-3.5099618,-2.2764109
-1.7881854,-1.3185195
-1.1739964,.71422386
-1.0435025,.49912724
-1.4925383,-1.0710741
-1.4837778,-1.0628634
-1.4809233,1.0601743
-.99145905,.38084252
-1.0711799,.55179957
-1.0691769,-.54815750
-.96772154,-.31235560
-.95074784,.25222731
-.95246575,.25894872
-.95045673,.25107050
-1.0643481,.53927658
-3.9224064,-2.4509051
-.92413627,.10195824
-1.0643882,.53935084
-.92130890,-.68852964E-01
-2.1212121,1.5506602
-1.6569423,-1.2149105
-.92939641,-.14462277
-1.2436307,.80584389
-.92028635,.51919397E-01
-1.6084252,-1.1742970
-.96321806,-.29758874
-1.0820309,.57112588
-1.8409492,1.3579475
-1.2868650,.85781875
-1.3895300,.97014579
-.94771809,.23991480
-2.0069048,1.4751043
-1.0279003,.46682278
-3.3703201,-2.2142184
-1.1313985,.65185879
-.92736986,.12985631
-1.4802115,1.0595026
-.91955660,-.35158657E-01
-.91904985,-.14921162E-01
-.93090380,-.15469497
-1.0874616,.58055674
-3.0249958,2.0523437
-.99158578,-.38117514
-1.4576398,-1.0379800
-1.0047662,-.41431297
-.91993758,.44700129E-01
-1.3703251,.95014370
-.92225485,.81441013E-01
-1.3632999,-.94272091
-.93833145,.19694120
-1.5528861,1.1260085
-1.5097132,-1.0869910
-.91949297,-.33299709E-01
-.94175468,-.21361719
-1.0487653,-.50956202
-2.3258511,1.6774460
-2.8544770,1.9675053
-.99974903,-.40202113
-1.2288668,.78730970
-.95469260,-.26741003
-.98670475,.36814729
-.94127545,-.21136187
-1.1482223,-.67717617
-2.5424187,1.8019324
-2.5630559,1.8133490
-1.7976940,-1.3257115
-1.5156745,1.0924614
-1.3880988,-.96866948
-1.6421067,-1.2026372
-1.1469776,-.67533550
-.92030710,-.52317617E-01
-.92438857,.10440345
-.92283193,-.88242822E-01
-1.3908322,-.97148715
-1.8161418,-1.3395546
-1.0417471,-.49559769
-1.0896441,.58430396
-.95105794,-.25345376
-1.1491632,-.67856424
-3.2457796,2.1572395
-2.6070409,1.8374451
-.97982793,.34896818
-.92350465,-.95562706E-01
-.95474289,.26759804
-1.1114668,.62052920
-1.1272276,.64542866
-2.1513498,-1.5699753
-.91918901,-.22382098E-01
-.93151128,.15857332
-.91948447,-.33043368E-01
-1.0895721,-.58418080
-1.1570443,-.69008087
-1.9299966,1.4220113
-.96318466,.29747649
-.93757292,-.19305121
-1.1989664,.74836867
-1.1972823,-.74611499
-1.3618883,-.94122235
-.96257187,.29540935
-1.6040904,1.1705997
-1.0882352,.58188772
-.92054663,-.56711535E-01
-.92083446,-.61578040E-01
-1.6394055,-1.2003891
-1.1239329,.64030355
-.94508285,.22866707
-1.3989408,-.97979821
-.93948279,-.20270301
-1.7992522,-1.3268863
-.96837701,.31444707
-3.8199159,2.4087247
-1.5752883,1.1457310
-.96470177,.30253343
-1.0968207,.59645983
-.97072597,.32183051
-.94405570,.22413015
-1.5469649,1.1207376
-1.3795973,.95985292
-1.4478060,1.0284624
-1.2971908,-.86977268
-1.2993732,-.87227823
-.91901677,-.12509167E-01
-.94052826,.20779667
-.93147039,.15831524
-3.0531021,-2.0659930
-1.8448651,1.3608281
-.97904582,-.34671974
-1.1143903,-.62522277
-3.4378243,2.2444981
-1.1878056,.73330352
-.92926532,.14371354
-1.1965165,-.74508786
-1.5796007,1.1494887
-1.2882740,-.85945972
-1.0027015,-.40929921
-1.0880093,.58149943
-2.0743932,-1.5201675
-.98575830,.36556741
-1.4321665,1.0131416
-1.0142772,-.43666613
-1.4401065,1.0209486
-1.0993871,.60074714
-.92916046,-.14298202
-1.5509809,1.1243152
-1.3012748,-.87445558
-3.5106537,2.2767148
-1.0870910,.57991804
-1.5393423,-1.1139154
-.93059671,-.15269690
-1.2294839,-.78809311
-.92101561,.64452760E-01
-.92359207,-.96473191E-01
-3.1828452,2.1278659
-1.5106041,-1.0878102
-1.2883725,-.85957429
-1.1489880,-.67830593
-1.1929070,-.74022760
-.98177358,-.35449979
-1.1142271,-.62496163
-.95973788,-.28565485
-2.2702757,-1.6439812
-.95968239,.28546053
-.91988442,.43494455E-01
-3.1398848,-2.1075798
-1.1466567,-.67486025
-1.1865994,-.73165688
-1.4177413,-.99880205
-1.1348659,.65715650
-.91999476,.45961403E-01
-1.4176885,-.99874920
-1.0613550,.53369739
-.92733919,.12961989
-.92007974,-.47774612E-01
-.95557181,-.27067796
-3.3909413,-2.2235120
-.92265077,.86165385E-01
-2.4723380,-1.7626114
-1.1053115,-.61052916
-3.0179683,-2.0489167
-.96039659,.28795158
-1.4805277,1.0598010
-1.0795688,.56679856
-1.4489169,1.0295420
-.91893882,.76336643E-03
-1.1477390,.67646206
-2.6312457,1.8505714
-1.0407900,.49366273
-1.1989304,-.74832057
-1.1551246,-.68729337
-1.1100743,.61828116
-1.5549373,-1.1278287
-1.3385716,.91611465
-.91894728,-.41824322E-02
-1.0536986,-.51915332
-1.9821213,-1.4582063
-1.0945388,.59262179
-1.9824243,-1.4584140
-.92465459,.10692108
-1.2817748,-.85186414
-1.9251577,1.4186044
-1.0030896,.41024637
-.91899321,.10456847E-01
-.93002294,.14889193
-.91901136,.12068975E-01
-2.7765958,-1.9275151
-.91915517,-.20815156E-01
-1.1456695,.67339585
-1.5927520,1.1608733
-.94304862,.21959093
-1.5015289,-1.0794354
-1.0022773,.40826168
-1.2317234,.79092962
-.92571115,.11638400
-1.1445301,.67170164
-.99194752,-.38212299
-.93661893,.18804464
-1.0893654,.58382681
-1.2622022,.82856940
-.99391055,.38722608
-1.1063912,-.61229513
-1.1605776,-.69518208
-.93424046,.17493955
-4.9776898,-2.8491231
-1.5691672,-1.1403759
-1.5068516,-1.0843552
-1.1095216,.61738646
-.92515661,.11151753
-1.1686216,.70665848
-.98248603,-.35650384
-1.8227823,-1.3445027
-1.0056834,-.41652105
-1.1486495,-.67780676
-2.3771344,-1.7077447
-1.0194217,-.44829278
-1.5399459,1.1144572
-1.2547879,.81957231
-1.4912344,-1.0698559
-1.5205603,-1.0969246
-1.0870516,-.57985008
-.95004116,.24940982
-.99320092,.38538911
-1.7548769,-1.2930108
-1.3551190,-.93400266
-1.1651577,.70173950
-1.3114162,.88597705
-1.1618854,.69706082
-1.1198836,-.63394800
-.92592056,.11816962
-.92512131,.11120051
-.99627018,.39327255
-1.7286689,1.2725803
-1.9748564,-1.4532157
-1.2056682,.75727091
-.94089327,-.20954589
-2.8770987,-1.9789695
-1.2023099,.75282313
-.94166367,-.21319068
-.93056543,-.15249195
-1.0781984,.56437544
-1.3237107,-.89974681
-.94547100,-.23035827
-1.0142374,-.43657504
-.96107186,-.29028719
-2.9701691,-2.0254533
-1.3326534,.90963162
-.91898891,.10037963E-01
-1.0422541,.49661979
-1.1718435,-.71120322
-.91932004,.27622606E-01
-1.5217333,1.0979934
-1.2213244,-.77767069
-1.1195707,-.63345428
-1.6781805,-1.2322678
-2.1336200,-1.5586414
-1.3243762,.90048619
-1.1524294,-.68336065
-.94227369,-.21603312
-3.7346160,-2.3730476
-1.4465470,-1.0272375
-1.6914648,-1.2430014
-.94652613,-.23489402
-.92209898,-.79504016E-01
-1.0319618,.47544356
-.96105597,-.29023244
-1.3829821,.96337276
-2.1048876,1.5400968
-1.0456697,.50345043
-.91973524,-.39917682E-01
-1.1045273,-.60924338
-.92020586,-.50345365E-01
-.92736073,.12978598
-1.8358738,-1.3542047
-.98136835,.35335482
-.95949505,-.28480348
-1.3471309,.92541053
-1.5483849,-1.1220039
-1.1305056,.65048763
-1.0033290,.41082949
-2.6568836,1.8643739
-.91998991,.45855824E-01
-1.5303674,1.1058290
-.93084367,.15430578
-1.0516999,.51528895
-1.1896135,.73576484
-.93959958,-.20327835
-1.6874685,1.2397822
-2.2807511,1.6503409
-1.2492387,.81277324
-1.2153185,.76990909
-3.0796717,2.0788137
-1.2028141,.75349257
-.97757854,.34246170
-1.3882716,-.96884783
-1.8013379,1.3284573
-1.4667822,1.0467508
-1.0825049,.57195519
-.92344161,-.94900801E-01
-.98724628,.36961533
-1.2583453,-.82390137
-.92714359,.12810198
-.92714359,.12810198
-1.0738360,-.55659216
-1.5794844,-1.1493875
-.92165066,-.73649579E-01
-1.5394602,-1.1140213
-5.3908232,2.9906135
-1.0676620,.54538689
-.95085098,-.25263588
-1.8412656,-1.3581804
-1.5780283,1.1481200
-1.5878529,1.1566455
-.93181236,-.16046078
-.95484119,.26796514
-.92998475,-.14863524
-1.1341200,.65602048
-.99327117,-.38557135
-1.5994091,1.1665938
-.93260872,-.16534927
-1.7275060,1.2716662
-.95346564,.26278170
-1.4540334,1.0344997
-.96839836,-.31451497
-.97616667,-.33831386
-.98878864,-.37376491
-1.1430049,-.66942716
-1.0121686,-.43181034
-2.9767610,2.0287052
-1.0822113,-.57144159
-.92204217,.78786226E-01
-3.4073479,-2.2308785
-1.0956708,-.59452875
-1.0215208,-.45295083
-.99977934,.40209652
-1.8748509,-1.3826875
-.92948323,.14522184
-1.8097160,1.3347490
-1.0152235,-.43882801
-1.0095029,.42559225
-.92814021,.13565895
-2.0415947,-1.4984366
-1.9104882,1.4082256
-1.0268128,-.46448741
-1.7864768,-1.3172230
-1.0845219,.57547084
-1.3398563,-.91751596
-2.3678259,1.7022851
-1.8425077,1.3590947
-1.1303649,.65027120
-2.2661371,1.6414619
-1.0583902,.52811305
-1.1351474,.65758479
-3.4560881,-2.2526205
-2.5957314,1.8312798
-1.0304065,-.47216096
-.94968031,-.24795879
-2.2451237,-1.6286100
-1.5398739,-1.1143926
-1.0174498,.44387224
-2.0075085,-1.4755134
-.93270376,-.16592305
-1.7206856,-1.2662915
-1.7156247,1.2622885
-1.3769844,.95712680
-1.7168822,1.2632843
-1.1693857,.70773883
-1.3401485,-.91783441
-3.3522398,2.2060377
-2.9430990,2.0120440
-.91895058,.49083629E-02
-.92546724,.11426906
-2.2464364,1.6294158
-2.4652200,1.7585684
-.93997558,.20511970
-.93283766,-.16672806
-1.1249195,.64184266
-1.5697793,-1.1409126
-.97291748,-.32856946
-1.0396711,.49139098
-1.0701731,-.54997192
-1.4831329,1.0622565
-1.6356326,1.1972419
-1.0315440,.47456394
-.93291853,-.16721240
-.99783387,-.39722875
-.91964903,-.37695952E-01
-1.2498664,.81354519
-1.2662933,.83349233
-1.8790890,1.3857492
-1.5315627,1.1069094
-1.1943420,.74216370
-1.3826156,.96299224
-1.1392600,.66380946
-.95909748,-.28340411
-1.3279677,.90446575
-.98801140,.37167961
-1.5746802,1.1452002
-1.6857387,1.2383862
-.96779476,-.31258990
-1.6351820,-1.1968655
-1.5351929,1.1101841
-1.0098431,.42639071
-.96402615,-.30029191
-.92287989,.88784678E-01
-.92318894,.92199834E-01
-.95604632,.27242536
-3.1143448,2.0954266
-.92184385,-.76227462E-01
-1.6200062,1.1841179
-1.2216182,.77804846
-1.4371301,1.0180291
-1.0791927,.56613463
-.92029190,.52026327E-01
-.93327300,-.16931902
-.92248135,.84176191E-01
-1.0007326,.40446040
-2.0155551,-1.4809568
-2.9547861,-2.0178442
-2.3964233,-1.7190025
-.94452002,.22619234
-.94743415,-.23872837
-2.2752191,-1.6469855
-1.3086922,-.88289708
-5.6743002,-3.0839461
-1.1063491,-.61222635
-1.1746623,.71515554
-2.0586442,-1.5097719
-.93746837,-.19250891
-.93788456,.19465880
-1.2491889,.81271199
-.99369118,-.38665914
-1.2778633,-.84726007
-.97453936,.33346912
-1.4709499,-1.0507249
-1.0890713,.58332280
-.93999087,-.20519422
-1.2169117,-.77197555
-1.7138726,-1.2608997
-1.8131945,1.3373526
-.95178949,.25632385
-1.4692357,1.0490921
-1.2564195,.82156073
-.92894368,.14145777
-1.7350490,-1.2775840
-.92801220,-.13471201
-1.2140013,.76819624
-1.8672328,1.3771669
-1.6448093,-1.2048824
-.94273135,.21814130
-1.6961263,-1.2467460
-.93418074,.17459788
-1.0925347,.58923023
-1.1260827,.64365236
-.93288048,-.16698471
-1.5091017,1.0864283
-1.7864057,-1.3171690
-2.3081075,-1.6668347
-.93164096,-.15938899
-.91967689,-.38427956E-01
-1.3781177,.95831017
-1.4186036,.99966503
-1.2975836,-.87022417
-1.7404489,-1.2818037
-2.6742386,-1.8736595
-1.2553354,-.82024005
-.93349356,.17061668
-1.1141192,.62478905
-.92200640,-.78330875E-01
-1.0378541,.48767931
-.95263215,.25959050
-.93646127,-.18720435
-3.9638292,-2.4677482
-.92405681,-.10117589
-1.0011711,-.40554289
-.91901178,-.12103397E-01
-6.0903193,3.2160164
-.97208059,-.32601245
-1.1720923,-.71155284
-.91976443,.40642331E-01
-1.0985713,-.59938768
-1.0985713,-.59938768
-1.7064775,-1.2550211
-.95642639,-.27381693
-.96963516,-.31842306
-1.1484023,.67744190
-.97462356,-.33372151
-.95582687,-.27161863
-1.0506491,.51324561
-1.0016210,-.40665088
-1.5157917,1.0925687
-3.0717053,-2.0749780
-.94045827,.20745957
-.95222700,-.25802505
-.93994450,-.20496814
-1.4976604,1.0758456
-1.0230189,.45624635
-.98019857,-.35002868
-1.0639984,.53862764
-3.5477373,-2.2929451
-3.5477373,-2.2929451
-1.5950661,-1.1628651
-1.3350930,-.91230967
-1.0122837,-.43207679
-.95748428,-.27765356
-1.0463895,-.50487820
-1.0084517,.42311498
-1.0084517,.42311498
-3.2437233,2.1562860
-1.0104109,-.42772043
-1.0354991,.48282619
-.96928108,-.31730915
-1.5288910,-1.1044931
-.98993809,.37682770
-1.2207896,-.77698277
-.91983238,.42281118E-01
-.94636292,-.23419817
-1.4531671,-1.0336620
-.99659448,-.39409629
-1.0006706,-.40430689
-1.8140034,-1.3379573
-.92678862,.12530037
-1.8903782,1.3938721
-1.0000211,.40269738
-1.0585993,-.52850878
-1.5873668,-1.1562251
-.92851775,-.13841398
-.92036725,-.53454917E-01
-4.1822087,2.5547094
-1.1262382,-.64389394
-.96478506,-.30280862
-1.2816687,-.85173963
-1.1910314,.73768945
-.96159648,-.29208884
-1.4442460,1.0249951
-5.8408073,3.1374731
-.96056586,.28853882
-.96056586,.28853882
-.93156210,-.15889348
-.91904870,-.14843539E-01
-1.4135227,-.99456946
-.95339168,-.26250009
-5.0157433,-2.8624482
-1.4214337,-1.0024921
-.97249460,-.32727991
-1.0473490,.50677496
-2.6946245,-1.8845084
-.91896377,.71045612E-02
-1.5275422,-1.1032712
-1.9546304,-1.4392303
-.92259212,-.85481974E-01
-.91910009,.17975118E-01
-.96528342,-.30444995
-1.3935215,.97425151
-2.2297225,1.6191257
-3.5443504,2.2914676
-.93715886,.19089436
-1.3652911,-.94483071
-1.0378666,.48770488
-1.6072965,-1.1733354
-1.0073413,.42048243
-1.0560791,.52371853
-1.0018670,-.40725527
-.91942838,-.31299932E-01
-1.1455904,.67327841
-1.8315424,1.3510025
-1.8171649,-1.3403181
-1.1274828,-.64582387
-1.0202212,-.45007252
-2.0901655,1.5305078
-2.8758158,1.9783211
-1.9275272,-1.4202737
-1.3161985,-.89135847
-.97247444,.32721831
-1.2880770,.85923042
-1.5989130,1.1661685
-2.1397393,1.5625625
-1.1727008,.71240752
-1.4219751,1.0030320
-1.5796019,1.1494898
-1.1095339,-.61740646
-1.9368168,-1.4267994
-1.0757034,-.55993731
-3.0810617,-2.0794822
-1.0600376,.53122328
-.96021581,.28732308
-1.6545699,-1.2129562
-1.7727318,-1.3067465
-.98438513,-.36179163
-1.1120258,-.62142950
-.96217570,-.29406517
-.92465049,.10688271
-1.4653346,1.0453670
-.98681859,-.36845639
-.93994078,.20494999
-1.2304652,.78933732
-.99969781,.40189372
-.91938362,.29835622E-01
-.95964979,.28534631
-.97173169,.32494048
-.94075860,-.20890219
-1.4717215,-1.0514589
-1.1364913,.65962523
-1.2906455,-.86221461
-.91950166,.33559593E-01
-2.8566984,-1.9686340
-1.0588736,-.52902751
-1.0979417,-.59833623
-1.5656774,-1.1373116
-1.2727032,-.84114765
-1.0302970,-.47192901
-1.0302970,-.47192901
-1.1664599,.70359280
-2.8662299,1.9734697
-2.1909719,-1.5950131
-1.6977405,1.2480400
-1.1100021,-.61816436
-.96612176,-.30719124
-.95413046,.26529954
-1.4615984,1.0417868
-1.1590722,.69301325
-3.4776929,-2.2621912
-.92595419,.11845384
-1.0598941,.53095306
-1.4504782,-1.0310574
-1.3064461,-.88034948
-1.1554024,-.68769747
-1.3977175,-.97854889
-2.0882944,1.5292847
-.92060206,-.57680630E-01
-.93982482,.20438341
-1.0049093,-.41465841
-1.6437225,1.2039800
-.92074605,-.60125170E-01
-.97958206,-.34826292
-1.3402284,-.91792142
-1.9683129,-1.4487059
-1.2045560,-.75580084
-.94295643,-.21917070
-.93780401,-.19424457
-.92085052,-.61838317E-01
-1.1632009,.69894543
-1.0838528,.57430695
-.97747897,-.34217083
-1.0307871,.47296638
-2.0426645,1.4991504
-1.0954315,.59412620
-.92085277,.61874737E-01
-1.6185630,1.1828985
-.91913414,.19779252E-01
-1.9626436,-1.4447872
-1.0912076,-.58697372
-.93818936,-.19621836
-3.1412683,-2.1082361
-1.3911647,.97182936
-.92356754,-.96218595E-01
-1.4858106,-1.0647742
-1.8331900,1.3522214
-.92423097,.10288278
-1.0539328,-.51960421
-3.6215163,2.3248990
-1.8368629,-1.3549350
-2.2867105,1.6539480
-.97065860,.32162110
-1.3258691,-.90214253
-1.7446778,1.2850987
-1.8805416,1.3867971
-.94731764,.23823983
-1.1650449,-.70157877
-2.2668986,-1.6419258
-1.2137592,.76788113
-.92557829,.11523676
-.96808139,-.31350554
-.95284362,.26040387
-1.2342305,.79409318
-3.3020650,2.1831750
-.97941182,-.34777373
-.98552020,-.36491551
-1.1508704,-.68107549
-.92418874,.10247155
-1.3647152,.94422099
-1.1100809,-.61829171
-1.4258637,-1.0069013
-.94650762,.23481518
-1.0588971,-.52907197
-.94224367,.21589412
-.96062278,-.28873602
-1.0060283,.41734833
-3.4948088,-2.2697446
-1.2995999,.87253811
-1.3246239,-.90076120
-1.0505389,-.51303099
-1.5800760,-1.1499022
-1.2717528,.84001696
-.96001118,-.28661000
-1.0936891,.59118617
-1.8918776,1.3949474
-2.3787904,1.7087141
-.93641790,-.18697257
-1.1182271,-.63132963
-.96361002,-.29890296
-2.3311463,1.6805998
-1.2245463,.78180280
-.98222742,-.35577770
-.93317758,.16875454
-.96603776,.30691767
-1.7350447,1.2775807
-.94134888,.21170898
-1.6170652,1.1816316
-.92852658,-.13847778
-1.1530921,-.68432966
-1.3536206,.93239697
-1.4638586,1.0439541
-1.2471292,.81017359
-.93293407,.16730533
-.92869451,.13968523
-1.9585632,1.4419603
-.96203517,-.29358690
-1.0482885,-.50862562
-.98078566,-.35170193
-1.3593864,-.93856044
-1.4760568,1.0555740
-.99831957,-.39844959
-.92122176,-.67575490E-01
-.94529918,.22961116
-2.1245471,-1.5528095
-1.5750279,1.1455037
-1.2112556,.76461366
-1.9523999,1.4376796
-.92336283,-.94066985E-01
-.95844077,-.28107733
-1.0081079,-.42230182
-1.4067403,.98772647
-.92136719,.69694407E-01
-1.6425612,1.2030151
-.93227776,-.16333543
-1.0928348,.58973938
-1.7255694,-1.2701424
-1.2364330,.79686187
-1.5893165,1.1579102
-2.2010695,1.6013313
-.98823105,.37227010
-.91925704,.25239235E-01
-1.0927559,-.58960550
-.96964134,.31844248
-1.5779476,1.1480497
-.94281637,-.21853072
-.92258245,-.85368753E-01
-5.1713550,2.9163047
-2.1291743,1.5557864
-.96800848,-.31327286
-1.3655261,-.94507943
-1.0476357,.50734047
-1.0476357,.50734047
-1.0525395,.51691589
-1.2110521,-.76434747
-.95675317,.27500778
-.91907564,.16559201E-01
-1.2402559,.80164499
-.92581226,.11724956
-.91965936,-.37969069E-01
-1.1328528,-.65408606
-1.1899576,.73623242
-1.1626828,-.69820378
-1.8692296,-1.3786160
-1.7449032,-1.2852741
-1.0977466,.59801018
-5.2564384,2.9453352
-1.0919010,.58815381
-.99791993,-.39744533
-1.0157650,-.44006012
-1.6201541,1.1842429
-1.0140946,-.43624789
-1.3856455,.96613345
-.93169687,-.15973937
-1.0898137,-.58459416
-.91895991,-.65381746E-02
-7.1164331,3.5206518
-1.4991751,-1.0772526
-1.2291840,.78771242
-1.7396640,-1.2811912
-1.3295351,-.90619707
-.96563286,.30559557
-1.0120156,-.43145572
-1.1768910,.71826517
-1.2755159,-.84448490
-.92924093,.14354367
-3.2424048,2.1556745
-.92248869,.84263410E-01
-2.4593120,-1.7552056
-.96493333,.30329787
-.92385624,-.99173685E-01
-.93184461,.16066161
-2.1008198,-1.5374533
-.94053121,.20781085
-1.2566058,.82178746
-1.6026788,1.1693932
-1.0231291,-.45648787
-1.0551550,-.52195106
-1.2669518,-.83428200
-1.0048229,.41445003
-.92916577,-.14301913
-1.8692977,-1.3786654
-1.9995213,1.4700903
-1.1526798,.68372695
-1.4934523,-1.0719270
-3.5784064,2.3062818
-1.4603966,-1.0406326
-.94543711,.23021110
-2.4705079,1.7615728
-1.0958744,-.59487117
-1.5468316,-1.1206187
-1.2674739,.83490767
-.98825926,-.37234587
-1.6708138,-1.2262750
-1.4212867,-1.0023454
-1.8660172,-1.3762839
-1.1159086,.62764651
-1.1306353,.65068693
-1.3045732,.87821939
-.94255419,.21732765
-.92659995,-.12378546
-1.3123835,.88706822
-1.3380973,.91559679
-1.6731241,-1.2281576
-1.1277583,.64625034
-4.4803946,2.6688784
-1.0940115,-.59173133
-1.5517037,-1.1249579
-2.6141938,1.8413339
-1.0988416,.59983840
-1.0228129,.45579459
-1.2105741,.76372194
-.99550428,-.39132019
-1.2109605,.76422769
-1.3297724,-.90645895
-1.9098407,-1.4077657
-.99611930,.39288870
-1.2664585,.83369060
-1.3103649,.88478968
-1.2627278,.82920360
-1.6555113,1.2137321
-.95815105,.28004470
-1.9963443,-1.4679277
-1.0732950,-.55561946
-1.0148606,-.43800011
-.97741568,-.34198581
-2.8386128,1.9594256
-.92842388,.13773411
-2.0273976,1.4889319
-.95826613,-.28045534
-1.1015080,.60426719
-1.1975267,-.74644241
-3.9669848,2.4690266
-1.0037782,.41192150
-2.5892943,1.8277613
-1.0952567,-.59383198
-1.0278222,-.46665558
-.93476146,-.17789284
-1.8741845,1.3822055
-1.0073623,.42053254
-2.7086609,-1.8919420
-1.0273474,-.46563688
-.94883119,.24451036
-1.0943454,-.59229523
-1.3990396,.97989908
-.92649836,-.12296204
-1.3354484,.91269917
-2.3962122,-1.7188797
-1.0995338,-.60099129
-1.0947573,.59299032
-2.1480482,-1.5678710
-2.3439274,-1.6881877
-1.3509812,.92956187
-.99667404,-.39429812
-1.5127320,-1.0897646
-1.0734611,-.55591821
-2.0472857,-1.5022298
-.91945346,-.32091290E-01
-.92761687,.13174473
-.92761687,.13174473
-2.7019026,-1.8883665
-1.1304418,.65038948
-2.1297202,1.5561373
-1.7423527,-1.2832881
-1.2846117,-.85518788
-.93736008,-.19194554
-1.1219209,.63715361
-.93694639,-.18977805
-1.4805958,-1.0598653
-3.7711408,-2.3883895
-.93350251,-.17066912
-.92114961,.66499263E-01
-.91914977,.20554130E-01
-.95583443,.27164646
-1.0205313,.45076110
-1.3556074,-.93452540
-.92350754,.95592984E-01
-3.6549772,-2.3392472
-1.4497933,1.0303929
-4.4806761,2.6689839
-.94602002,-.23272940
-1.0198372,-.44921857
-1.7279872,-1.2720446
-1.3395877,.91722312
-2.1084746,-1.5424241
-1.0839205,.57442488
-1.1699368,-.70851717
-3.3242303,2.1933043
-.92541508,.11381163
-1.6122168,1.1775214
-1.3358007,.91308511
-1.0841479,-.57482067
-.91918604,-.22248805E-01
-1.0437547,-.49963212
-.99399705,.38744940
-1.3873621,-.96790868
-2.1357463,1.5600050
-.97965604,-.34847527
-1.3994404,-.98030794
-.92848286,-.13816168
-1.3836156,-.96403014
-.93644817,-.18713437
-.92703329,-.12723799
-1.2807871,.85070396
-1.3612834,.94057947
-2.1972755,-1.5989602
-1.0992396,-.60050150
-.92883072,.14065694
-1.0975571,.59769315
-2.3917623,1.7162889
-.92619444,-.12046500
-1.5400384,-1.1145402
-1.0259723,.46267430
-1.6551011,1.2133941
-1.5588972,1.1313343
-.92553340,-.11484659
-1.7138804,1.2609060
-1.5349987,-1.1100092
-.98167185,.35421269
-3.4437721,2.2471464
-2.6239195,1.8466082
-1.8764664,1.3838554
-1.0238781,-.45812577
-1.0355390,.48290875
-1.0859630,-.57796971
-1.3422563,.92012803
-1.3973732,-.97819696
-1.1723744,.71194921
-.94175837,-.21363444
