SampleLogFunc,SampleVariable1
-.94133118,.21162534
-.95888695,-.28266027
-1.6588139,-1.2164501
-.99085837,.37926200
-6.4550695,3.3275008
-1.0493205,.51065044
-.92851181,-.13837105
-.91951529,.33963368E-01
-.91903917,-.14187334E-01
-1.0956192,-.59444203
-.92636445,-.12186806
-.91894693,-.40990338E-02
-1.2842971,.85481992
-.92916831,.14303688
-1.1558851,-.68839892
-1.0398463,-.49174743
-2.4283847,-1.7374960
-1.7610851,1.2978032
-1.2703230,-.83831312
-1.4407836,-1.0216115
-1.8574461,1.3700420
-.94959775,-.24762559
-.91999140,-.45888309E-01
-1.3717518,.95164409
-2.5117998,-1.7848593
-2.7484856,-1.9128759
-1.5956911,1.1634024
-1.6049945,1.1713718
-1.2516818,.81577357
-1.0608559,-.53276140
-1.1985404,-.74779931
-2.8813347,1.9811088
-1.0533941,.51856636
-1.3841047,.96453741
-1.5835634,-1.1529310
-1.4622005,1.0423646
-2.0643360,-1.5135372
-.93306214,-.16806908
-.98059617,-.35116274
-.92460021,.10641126
-1.4170093,.99806894
-.94861344,.24361818
-2.8391100,-1.9596793
-1.2950537,.86731210
-.91969162,-.38809385E-01
-1.6078314,1.1737912
-1.3898532,-.97047895
-1.0035146,-.41128117
-1.0079824,-.42200451
-1.5103967,-1.0876196
-5.0113520,-2.8609136
-1.4003301,-.98121511
-.93550964,-.18205004
-1.6568855,-1.2148638
-1.1306484,-.65070711
-4.0918568,-2.5190944
-3.9828032,-2.4754251
-.93137864,.15773466
-.92425142,-.10308137
-1.4914868,1.0700918
-1.1029818,.60670133
-.93251684,.16479262
-1.2873283,-.85835860
-3.8119760,-2.4054261
-1.4855955,1.0645722
-1.0054406,-.41593759
-.95684659,.27534727
-.91984412,.42557832E-01
-1.5988453,-1.1661105
-.96080225,-.28935693
-2.2599796,-1.6377064
-1.2066377,.75855012
-1.1690990,.70733367
-1.1403222,.66540772
-.96867748,-.31540115
-1.0240530,-.45850731
-1.8973927,1.3988954
-1.6947210,1.2456183
-1.3870451,.96758107
-1.1004281,-.60247747
-4.7179245,-2.7564419
-2.4067645,-1.7250078
-.95128816,.25436049
-.92391390,.99753328E-01
-.95463525,.26719551
-.91987948,.43380734E-01
-.95005919,-.24948207
-1.9039237,-1.4035563
-.97361244,.33067782
-1.0910018,-.58662296
-.94241111,-.21666830
-2.4589114,1.7549774
-1.0978134,.59812185
-1.2931751,.86514341
-.99224633,.38290416
-1.2405167,.80197031
-1.5643886,-1.1361779
-1.1408351,.66617799
-.96990246,.31926141
-1.7726961,-1.3067192
-1.0067090,.41897599
-1.4076182,.98861482
-.93426924,.17510403
-1.0888407,.58292736
-1.1037632,.60798799
-1.0041734,-.41287982
-1.4311895,-1.0121769
-.92089407,-.62538524E-01
-1.0061290,.41758944
-1.0061290,.41758944
-1.1540015,-.68565724
-.92193329,-.77391967E-01
-.92193329,-.77391967E-01
-1.0098804,-.42647822
-1.1284910,-.64738313
-1.1353213,-.65784917
-.92831919,-.13697196
-2.3881753,-1.7141976
-1.1177233,.63053107
-.92756812,.13137421
-1.3462625,.92447171
-3.4797606,2.2631050
-1.1919043,-.73887185
-2.5694727,-1.8168842
-1.1270970,-.64522626
-1.6248379,-1.1881914
-.92098015,.63900256E-01
-1.1962691,.74475576
-1.4379151,1.0187999
-.91910793,-.18406392E-01
-1.1577602,-.69111752
-1.2474900,.81061880
-2.0998973,1.5368531
-1.0527980,-.51741565
-1.0527980,-.51741565
-1.6970510,-1.2474875
-1.7021476,1.2515663
-1.4457692,1.0264801
-1.4780984,-1.0575064
-1.6123259,-1.1776140
-1.1122767,.62183312
-1.1409457,.66634405
-1.0038785,.41216485
-.93073069,-.15357186
-1.0101149,-.42702776
-1.6589419,1.2165553
-1.2617403,-.82801179
-1.4824428,1.0616065
-.95578650,-.27146995
-1.7151047,-1.2618765
-1.7151047,-1.2618765
-.92851425,-.13838871
-1.0531045,-.51800774
-3.0441180,-2.0616399
-.94285787,.21872053
-.92392633,-.99877862E-01
-1.8417620,1.3585459
-1.5590901,1.1315048
-2.4568215,1.7537862
-.91907090,.16270743E-01
-1.2047637,.75607567
-.92922999,-.14346745
-1.8625008,-1.3737265
-1.1571407,-.69022054
-1.4022937,-.98321431
-1.2928560,-.86477449
-1.7454513,-1.2857004
-1.0093772,.42529678
-1.0163091,-.44129479
-.94945315,-.24704096
-.93642815,-.18702735
-.98022426,.35010205
-1.7059879,-1.2546309
-1.5488435,-1.1224125
-2.0859472,-1.5277491
-1.7721685,-1.3063154
-2.8294806,-1.9547594
-1.6717807,-1.2270633
-.92489602,.10915570
-.93564557,.18279516
-.91948210,-.32971782E-01
-.92729498,-.12927835
-1.0138686,.43572934
-1.0138686,.43572934
-.97272448,-.32798154
-1.0456128,-.50333731
-.96261917,-.29556940
-.97229220,-.32666090
-.92991635,.14817434
-1.4442985,1.0250463
-1.1050028,.61002333
-.99152516,.38101608
-1.7265721,1.2709316
-.94984148,.24860789
-1.3080311,-.88214807
-.99989176,.40237602
-2.2096923,-1.6067071
-1.2054106,.75693077
-1.4086186,.98962629
-1.1707653,-.70968555
-1.0243325,.45911638
-1.1898520,.73608896
-1.5370151,1.1118243
-1.0216248,.45318039
-.96515068,-.30401366
-1.1439394,.67082161
-1.0118139,.43098816
-1.1192840,.63300147
-1.1460753,-.67399815
-1.3666543,-.94627241
-1.0969765,-.59672106
-1.1471461,-.67558504
-.95834367,-.28073167
-2.4523786,-1.7512510
-1.3781288,.95832176
-1.9030845,1.4029583
-2.9917513,-2.0360809
-1.1519849,-.68270979
-1.4856202,-1.0645954
-.94424189,-.22495936
-.92970701,.14675476
-1.2134999,-.76754334
-1.5023259,-1.0801735
-.94694334,.23666352
-1.0854137,.57701853
-3.2692245,-2.1680802
-1.1471643,.67561202
-1.1471643,.67561202
-.97305828,.32899770
-.95330350,-.26216394
-1.0945446,.59263149
-1.2712124,-.83937337
-1.0310395,.47349974
-1.0688984,.54764932
-1.1752612,-.71599258
-.93775614,.19399799
-1.2992130,.87209462
-.97090513,.32238672
-1.0322935,-.47614076
-.96535721,-.30469223
-1.0181100,-.44535708
-2.2049606,-1.6037594
-1.4354107,-1.0163386
-1.7886339,-1.3188597
-1.0887591,.58278731
-1.7130246,-1.2602270
-2.1696515,-1.5815897
-.91911483,.18777346E-01
-.92880605,.14048146
-1.0159365,-.44044972
-.92351530,.95674091E-01
-1.5830422,1.1524788
-.98147591,.35365910
-1.0341818,.48009008
-1.2009752,-.75104817
-1.0583275,-.52799434
-1.4462287,-1.0269276
-1.6656292,-1.2220398
-.92742990,.13031782
-1.3891074,.96971014
-1.0773055,-.56279111
-.94205690,-.21502730
-1.0530366,.51787665
-1.5506951,-1.1240610
-.94257415,.21741948
-2.0546011,-1.5070916
-.94002672,-.20536889
-.95341142,-.26257527
-1.3497748,.92826316
-1.9027662,1.4027314
-1.0353605,-.48253906
-1.7709566,1.3053874
-1.7394303,1.2810088
-.91985443,.42799349E-01
-1.1023544,-.60566639
-6.0724243,-3.2104472
-.97049579,.32111448
-.92026248,-.51457689E-01
-.91917214,.21615177E-01
-1.2081568,.76055016
-.98131068,.35319159
-2.3588690,1.6970153
-2.9008245,-1.9909224
-1.8417590,1.3585437
-1.5435402,1.1176776
-.95920379,.28377899
-.92224824,-.81359824E-01
-1.2356486,-.79587695
-1.3902875,-.97092631
-.96459396,.30217685
-1.5435936,-1.1177254
-.98388600,-.36040941
-1.0858137,.57771127
-.97560424,-.33664732
-1.7588396,1.2960718
-1.9266937,-1.4196867
-1.0782116,.56439885
-.93201856,.16174072
-1.4490885,-1.0297086
-.91968968,.38759511E-01
-1.7021452,1.2515644
-2.1881820,1.5932630
-1.1687997,.70691045
-1.1523345,.68322172
-.91933507,-.28161501E-01
-1.5636058,1.1354887
-1.5059355,1.0835100
-1.3958000,.97658744
-1.0682247,.54641777
-1.5637904,1.1356512
-1.0271794,-.46527591
-.95000068,-.24924744
-.92173001,-.74719212E-01
-2.7316117,1.9040342
-1.2143307,-.76862493
-1.0920217,-.58835899
-.92001543,.46409026E-01
-1.1567366,.68963482
-1.4849129,-1.0639308
-1.2554444,.82037290
-1.8682248,-1.3778870
-1.2574849,-.82285647
-1.0964573,.59585024
-1.3682336,.94793994
-1.4388919,1.0197582
-.95178278,-.25629767
-.93231309,-.16355154
-1.5195180,-1.0959740
-.99990255,.40240282
-1.5582969,1.1308035
-2.9941901,2.0372784
-.93879404,.19927620
-2.3586167,-1.6968666
-1.1419097,-.66778910
-1.1412096,-.66673987
-.95424330,-.26572454
-.92480017,.10827405
-.96152836,.29185554
-.92020156,.50259921E-01
-.92319372,.92251677E-01
-1.0403113,-.49269209
-1.3504459,.92898591
-1.0140865,.43622932
-1.3477520,.92608148
-1.0215820,.45308603
-1.1305072,.65049006
-1.2660802,-.83323669
-2.2552796,1.6348340
-1.0143044,.43672838
-2.5055415,-1.7813495
-1.0346750,-.48111632
-2.5932688,1.8299346
-1.3062677,-.88014678
-1.0529988,.51780351
-.92718835,-.12845090
-1.6779854,-1.2321095
-.94383086,-.22312473
-1.3112425,.88578102
-1.2893194,-.86067514
-.92007022,-.47575004E-01
-1.4205310,1.0015912
-2.1487210,1.5683000
-2.1020790,1.5382721
-1.8380978,-1.3558461
-1.8627419,1.3739020
-1.4181642,-.99922539
-1.1395577,.66425773
-.99487039,-.38969696
-.92307607,.90967426E-01
-.92307607,.90967426E-01
-1.1905461,.73703129
-2.5369546,-1.7988975
-.96032611,.28770670
-1.9229736,-1.4170639
-.98264096,.35693817
-1.3571666,-.93619236
-2.5191361,1.7889648
-1.1729311,-.71273082
-.98689768,-.36867099
-.94094339,-.20978494
-1.5894020,1.1579840
-1.4751382,-1.0547035
-1.2393703,.80053951
-.92937614,.14448256
-1.0739370,.55677373
-.96877180,-.31570006
-1.4355863,1.0165115
-1.1973644,.74622499
-2.1415750,-1.5637368
-.99525291,-.39067730
-1.3407915,.91853465
-2.0915568,-1.5314165
-2.2171490,-1.6113413
-1.1860982,-.73097149
-1.7751223,-1.3085746
-1.1332414,-.65467980
-1.9408523,1.4296250
-2.0299526,1.4906469
-.92051769,.56198958E-01
-.99115239,.38003646
-.93842469,-.19741409
-.93842469,-.19741409
-1.5755567,-1.1459652
-1.0126031,.43281527
-1.6532591,-1.2118750
-1.3371389,-.91454951
-1.3884388,.96902044
-1.1721508,-.71163507
-.92053366,.56482300E-01
-.94053117,-.20781067
-.94400475,.22390275
-2.1307954,-1.5568281
-1.9619651,-1.4443175
-1.8376083,1.3554850
-.95216090,-.25776877
-1.0121341,-.43173051
-.95394034,.26458195
-1.0778519,-.56376120
-.91897223,.82093786E-02
-1.3449959,-.92310065
-1.3163354,-.89151204
-.95673919,-.27495692
-1.0433236,.49876866
-1.0003370,.40348094
-1.4480708,-1.0287198
-1.8148582,1.3385961
-2.9506010,2.0157691
-.92736253,-.12979982
-.91990411,.43944911E-01
-.93660897,-.18799167
-1.1914679,.73828097
-1.1264504,-.64422330
-.95009670,.24963240
-2.3874955,-1.7138010
-1.3848553,.96531528
-.91951864,-.34062038E-01
-1.2757139,.84471932
-1.0430040,.49812742
-1.1019533,-.60500374
-2.4226498,-1.7341922
-2.7320413,-1.9042598
-1.5319272,1.1072386
-2.2797629,-1.6497420
-1.3438368,.92184406
-.92732690,.12952506
-1.2228791,.77966733
-.96932501,.31744756
-2.4657124,1.7588484
-.98911642,.37464085
-1.5146715,-1.0915429
-2.6860762,-1.8799668
-1.0123446,.43221766
-2.7196839,-1.8977594
-1.5456732,1.1195844
-1.9960938,1.4677570
-.92427299,-.10329040
-1.0097266,-.42611745
-1.0165784,.44190459
-1.4290018,-1.0100131
-2.4795991,-1.7667261
-1.0558661,-.52331165
-3.2298655,-2.1498497
-1.6063019,-1.1724874
-.92492947,.10946175
-1.0125474,-.43268660
-.93825206,.19653766
-1.0189525,.44724482
-1.0883521,.58208855
-1.0546004,-.52088744
-2.0222991,-1.4855036
-3.3315550,2.1966413
-3.8647361,2.4272608
-1.0872283,.58015467
-3.1133446,-2.0949492
-.93779574,-.19420199
-1.2409429,-.80250154
-.95243387,-.25882558
-1.0776506,.56340404
-2.9809573,2.0307727
-.93038067,-.15127549
-1.0550479,-.52174585
-1.0693775,.54852343
-1.3045825,-.87823005
-1.6742254,-1.2290540
-1.3930169,.97373343
-.95285066,.26043091
-2.4900655,1.7726404
-1.0101385,.42708314
-1.9736183,1.4523634
-1.0122847,.43207903
-1.6867808,-1.2392274
-1.3505262,.92907227
-1.6741961,1.2290301
-1.0258815,-.46247810
-1.0903311,-.58547856
-1.0485985,-.50923475
-1.2502613,.81403048
-1.3629048,-.94230172
-1.8109753,-1.3356922
-1.2478664,-.81108308
-1.7184917,-1.2645578
-1.2299596,-.78869650
-1.0589766,.52922218
-1.4859637,1.0649180
-2.0791271,1.5232784
-.95283586,-.26037406
-1.6288062,1.1915265
-1.1979388,-.74699430
-1.1979388,-.74699430
-1.4536414,-1.0341208
-.99947775,.40134577
-1.6539434,-1.2124396
-.97071406,.32179350
-1.2552474,-.82013271
-1.1201860,-.63442493
-1.2840431,.85452278
-1.9733455,1.4521756
-2.9542271,2.0175671
-.93922463,.20142543
-.99604527,-.39270024
-1.3638705,.94332600
-1.5762733,-1.1465904
-.99201550,-.38230085
-.95102436,-.25332125
-1.0791030,-.56597612
-7.9222882,-3.7425525
-1.1627651,.69832161
-1.6595984,-1.2170948
-1.0577429,.52688588
-6.6726178,-3.3922498
-1.0600332,-.53121495
-1.9015178,-1.4018411
-1.3835290,-.96394030
-2.4989528,-1.7776469
-.96210285,-.29381733
-2.0742411,1.5200675
-.98838221,-.37267595
-1.2733938,.84196824
-5.2353131,-2.9381540
-.91901813,-.12617494E-01
-1.0206574,-.45104077
-1.5834873,1.1528650
-1.5834873,1.1528650
-2.5925953,1.8295665
-1.0876750,.58092429
-.96388422,-.29981891
-2.2093951,-1.6065220
-1.3191998,-.89471929
-1.2965437,-.86902843
-1.1871648,-.73242927
-2.8361670,1.9581769
-.97475578,.33411748
-.92527956,-.11261463
-1.3066975,.88063496
-.91974689,-.40208469E-01
-1.4046782,-.98563647
-1.1342431,.65620816
-1.5297346,-1.1052566
-1.4539694,-1.0344379
-.94731988,-.23824922
-1.1140925,.62474631
-1.0835286,-.57374226
-1.0240824,-.45857147
-1.2404298,.80186196
-2.5970985,-1.8320262
-.92923841,.14352616
-1.4745960,1.0541893
-2.4047102,-1.7238165
-1.5622192,1.1342669
-4.9157112,2.8272859
-1.3795513,.95980492
-.93604781,-.18498259
-.96521358,.30422048
-1.2028450,-.75353367
-1.3907319,-.97138390
-.96193802,-.29325581
-.91995512,.45090712E-01
-1.0971346,.59698579
-1.5926105,-1.1607514
-.95395720,-.26464568
-.92170299,-.74356682E-01
-1.1601120,.69451208
-1.0056589,.41646205
-.91901819,-.12622064E-01
-.96929358,-.31734855
-.92089565,.62563845E-01
-.93946358,-.20260823
-1.1186856,-.63205555
-8.2791067,3.8367090
-.92466433,.10701213
-1.2749693,.84383737
-1.7781293,1.3108706
-2.1724985,-1.5833887
-1.3494630,.92792719
-2.2686796,1.6430101
-.93272933,-.16607709
-3.4869062,-2.2662602
-.94015537,-.20599433
-.95320070,.26177154
-.92320783,-.92404472E-01
-1.0247617,.46005043
-1.3477946,.92612750
-1.2268452,-.78473776
-1.3585835,.93770465
-1.0812438,.56974602
-.98461869,-.36243663
-1.3155193,-.89059622
-.92692759,.12640460
-1.3359014,.91319529
-1.2045748,-.75582572
-1.2045748,-.75582572
-1.2578264,.82327131
-1.1324635,.65349053
-1.2680160,.83555668
-1.1714992,.71071894
-1.1752996,-.71604624
-1.8116658,-1.3362090
-1.9408304,1.4296096
-2.5255673,1.7925561
-2.7839623,1.9313331
-2.8327801,1.9564465
-1.3202848,.89593114
-1.3513072,.92991257
-1.5899306,-1.1584404
-.91894962,.47078916E-02
-1.0067475,.41906789
-1.2690687,-.83681558
-.97161920,.32459411
-.92008611,-.47907715E-01
-1.3773262,-.95748390
-1.2810715,.85103816
-.91896019,-.65806761E-02
-1.1813537,.72445174
-1.4899231,-1.0686296
-2.2480389,-1.6303989
-1.4195513,1.0006126
-1.0002885,.40336089
-1.0488246,.50967843
-1.1758566,.71682371
-1.4930941,1.0715928
-1.2040387,.75511613
-1.0263799,-.46355441
-.92925297,-.14362753
-1.0977515,.59801837
-1.1239303,-.64029963
-2.1105497,1.5437689
-.93705614,-.19035550
-1.5938566,1.1618245
-1.0155586,.43959077
-2.0451196,-1.5007871
-1.0030109,-.41005452
-.96716003,-.31055273
-.91932934,.27957345E-01
-.92990178,.14807596
-2.1708668,1.5823579
-1.4454521,-1.0261711
-1.4262222,-1.0072574
-.92895064,.14150695
-1.4379246,1.0188091
-.95522631,.26939851
-.94448440,.22603479
-1.2968617,-.86939422
-4.2947368,2.5983834
-1.7052200,1.2540187
-1.6752578,-1.2298937
-1.5841812,-1.1534667
-1.7217133,1.2671028
-1.1902691,-.73665543
-1.2376926,.79844104
-1.1254958,.64273984
-2.8927746,-1.9868750
-.92265907,.86261691E-01
-1.5970871,1.1646017
-.94720427,.23776349
-1.1616723,.69675494
-.92816027,.13580672
-2.3201234,1.6740280
-1.9375676,-1.4273255
-1.9375676,-1.4273255
-1.0603452,-.53180194
-.96302175,-.29692833
-1.0628444,-.53648095
-1.8420655,-1.3587692
-.93653490,-.18759729
-1.3769690,-.95711070
-1.1599130,-.69422544
-1.1418297,-.66766934
-1.0778884,.56382605
-.98789369,.37136278
-1.5132872,-1.0902739
-.92115929,-.66644745E-01
-.94733076,.23829490
-1.4013136,.98221697
-.92712902,-.12798819
-1.1659468,-.70286313
-1.3653439,.94488667
-.92035801,.53281868E-01
-1.0310395,-.47349957
-.92558044,-.11525541
-1.0547078,-.52109359
-1.0026490,-.40917096
-1.8509053,1.3652595
-.96342991,.29829978
-1.3527311,.93144250
-2.1837879,1.5905027
-1.6198113,1.1839533
-1.3404251,.91813567
-1.3570701,.93608930
-.93161761,.15924242
-.91896889,-.77917302E-02
-.96347274,.29844332
-1.2379275,-.79873516
-1.2933047,.86529320
-1.0701034,-.54984518
-1.4549765,-1.0354110
-.92054757,.56728048E-01
-1.2941220,.86623720
-2.3873996,1.7137451
-.93505006,-.17950779
-.96085213,.28952927
-2.3366946,-1.6838979
-1.3306036,.90737536
-.93451703,-.17651343
-1.3087555,-.88296883
-.93738963,-.19209943
-.92785044,.13350589
-1.2899482,-.86140539
-2.7065098,-1.8908047
-1.6675444,1.2236060
-.91895570,.58600070E-02
-1.1305703,-.65058700
-.95500260,.26856683
-1.0744586,-.55770964
-6.7970095,3.4287231
-.92229878,.81978562E-01
-.93223439,-.16306965
-1.0228004,-.45576725
-.94245156,.21685491
-1.1769277,-.71831632
-1.1867077,.73180483
-.92006428,.47449873E-01
-1.0222608,.45458182
-4.7589068,-2.7712699
-2.0542785,-1.5068775
-1.1163900,-.62841302
-.91941723,-.30941901E-01
-.99127435,.38035723
-.92479927,.10826576
-.92314016,-.91669277E-01
-3.4571357,-2.2530855
-.91904698,-.14727061E-01
-2.7236738,-1.8998607
-1.2075904,-.75980511
-.97342203,.33010150
-1.9650794,-1.4464722
-1.0288706,-.46889666
-1.4902083,1.0688964
-1.1662111,-.70323909
-1.0390202,.49006470
-1.6877842,-1.2400368
-1.0410281,.49414478
-.93243477,.16429387
-.92009780,-.48151231E-01
-1.0363550,-.48459570
-1.6409387,-1.2016656
-2.8502395,-1.9653504
-.94435868,-.22547790
-.96301005,.29688893
-1.6501130,1.2092762
-1.0614795,-.53393063
-1.8894290,1.3931909
-1.9275756,1.4203077
-1.2790657,-.84867795
-1.2603112,-.82628403
-.91930815,.27188680E-01
-2.2855463,-1.6532440
-1.1656259,.70240642
-1.8797912,-1.3862559
-3.8264639,-2.4114416
-5.6686032,-3.0820982
-.99367117,-.38660739
-5.5203574,3.0336179
-1.1456292,.67333593
-.97022841,.32028073
-1.1246666,.64144843
-1.7605317,1.2973767
-1.4677367,-1.0476623
-1.6073981,1.1734220
-.96172516,.29252905
-.96198460,.29341460
-.95722434,-.27671576
-.93518565,-.18026158
-1.2797715,.84950922
-.99033101,-.37786895
-1.6039695,-1.1704965
-.98177862,.35451400
-.95720811,-.27665712
-1.2492868,-.81283243
-1.6304014,-1.1928645
-1.1049070,.60986634
-.92614048,-.12001621
-.92775453,-.13278552
-1.4304457,1.0114417
-1.0783437,-.56463298
-2.0582672,-1.5095223
-1.5759193,-1.1462816
-.96094652,-.28985507
-1.0597863,-.53074996
-2.0504760,-1.5043520
-2.1204581,-1.5501739
-.93740767,-.19219334
-.91971457,.39396404E-01
-.91897666,.87318426E-02
-2.7725014,1.9253898
-2.0823249,1.5253763
-1.9873244,-1.4617701
-1.5264658,1.1022951
-.92039041,-.53886486E-01
-1.0390759,-.49017823
-1.4521253,1.0326537
-1.9632500,-1.4452069
-1.0804196,.56829753
-1.3050850,.87880204
-1.8670539,-1.3770370
-2.2997654,-1.6618224
-3.8778033,-2.4326384
-1.3713267,-.95119731
-1.0994760,-.60089508
-1.3791065,.95934140
-1.6255146,1.1887608
-1.9761677,1.4541177
-1.7433715,1.2840817
-.94621080,.23354773
-1.0608218,-.53269747
-.93522781,.18049531
-.94489269,.22783396
-1.0785124,-.56493163
-1.0719078,.55311711
-.95884098,-.28249761
-.92816822,-.13586530
-1.5627879,1.1347682
-1.2387291,.79973812
-.92473977,-.10771475
-.92632158,-.12151583
-.92241811,.83421493E-01
-.92801491,-.13473213
-.92275922,.87414949E-01
-1.0395761,-.49119757
-1.1398489,-.66469600
-.92685158,-.12580180
-.98842753,.37279752
-1.8030477,1.3297437
-2.4247309,1.7353918
-1.5102478,1.0874827
-1.4666187,-1.0465947
-1.0651041,-.54067655
-2.1325054,1.5579261
-.92685210,-.12580596
-1.8871391,1.3915463
-.92178507,.75452516E-01
-.93515872,-.18011210
-1.0915689,-.58758888
-1.2428978,-.80493390
-.92593810,.11831795
-2.1303600,-1.5565484
-.96637725,.30802181
-.91929638,.26752431E-01
-1.4085491,.98955605
-1.1911095,.73779538
-1.0511427,-.51420660
-1.1169458,-.62929688
-1.4156061,.99666203
-.92097745,-.63857931E-01
-1.3163194,-.89149408
-2.7152738,1.8954342
-8.4326574,3.8765239
-1.1370354,-.66044970
-1.1383524,.66244073
-1.0769056,-.56208024
-.97901570,-.34663284
-1.2753633,.84430412
-1.2821360,-.85228810
-.92345070,.94996513E-01
-2.0153163,1.4807956
-1.5532709,-1.1263502
-1.3981544,-.97899524
-1.0955751,.59436793
-3.1086756,-2.0927193
-1.3753962,.95546601
-1.9571683,1.4409925
-3.4673860,2.2576304
-1.6656928,1.2220919
-.92287768,-.88759781E-01
-1.1870372,.73225490
-1.2093941,-.76217521
-.91961863,-.36880682E-01
-.98255346,.35669295
-.92153808,-.72104728E-01
-2.2647904,1.6406413
-1.1223482,.63782396
-.97367601,-.33087000
-1.3032208,-.87667814
-1.1025251,-.60594810
-2.2687503,1.6430531
-4.7031890,-2.7510909
-.97398704,.33180869
-.93346194,.17043124
-1.2167528,.77176979
-.91897746,-.88234414E-02
-1.0138505,.43568785
-1.7388028,-1.2805189
-.91894119,-.23057333E-02
-.94061115,-.20819519
-1.2063754,-.75820425
-1.0709530,-.55138814
-.96863975,.31528152
-.96917598,-.31697774
-1.2079139,-.76023068
-.92661755,.12392750
-1.1382904,.66234717
-1.4531553,1.0336506
-2.0092860,1.4767176
-1.0916334,.58769871
-1.0916334,.58769871
-.93626010,-.18612664
-1.7530175,-1.2915719
-1.5803286,1.1501218
-2.6632048,-1.8677614
-1.0962179,-.59544836
-1.1249728,.64192558
-1.2995505,-.87248154
-1.5831045,1.1525328
-1.0188594,.44703668
-1.0662430,-.54277889
-1.0034114,.41103000
-.92263195,-.85946634E-01
-1.0266428,-.46412126
-.97518814,.33540901
-1.3398244,.91748117
-1.0549744,.52160493
-.91926763,-.25655367E-01
-.91898729,-.98749876E-02
-1.1580628,.69155512
-1.4486996,-1.0293309
-2.0668794,1.5152167
-1.8682055,-1.3778730
-1.0394914,.49102524
-1.9126201,-1.4097387
-3.2726279,-2.1696495
-1.8324755,-1.3516930
-1.0453124,.50274021
-2.5715162,1.8180086
-1.9004368,1.4010698
-.99111029,.37992568
-.95010961,-.24968409
-.91910001,-.17970656E-01
-1.1257412,-.64312157
-1.4049204,.98588219
-1.0760325,-.56052470
-2.3425408,-1.6873662
-5.2311160,2.9367252
-1.0133151,-.43445727
-.95421242,-.26560830
-.92652108,-.12314667
-1.0645226,-.53959996
-1.0954923,.59422851
-2.5729152,1.8187780
-.93679222,.18896393
-.96348591,.29848746
-.98104933,-.35245083
-2.6136972,-1.8410642
-1.8383801,-1.3560543
-.99102128,-.37969131
-.97932638,.34752796
-3.1493593,-2.1120704
-1.0103659,-.42761528
-.92381058,.98712128E-01
-1.1192512,.63294979
-1.1329021,.65416135
-.98513857,.36386821
-1.8764589,1.3838499
-1.3298985,-.90659801
-.91910023,.17983299E-01
-1.4599198,-1.0401743
-.97965539,-.34847342
-3.6760503,-2.3482384
-.93468971,-.17748902
-.98527007,-.36422943
-.91910597,-.18299687E-01
-2.8521164,1.9663051
-.91978907,.41244183E-01
-1.1387173,-.66299133
-.92841483,-.13766841
-1.1879417,.73348919
-1.0478123,.50768846
-1.1023273,-.60562164
-1.1683281,-.70624298
-.99090794,-.37939270
-1.6976760,1.2479884
-1.0956042,-.59441681
-1.0813218,.56988295
-1.4605217,1.0407528
-1.5180724,-1.0946541
-.93960716,-.20331567
-.92109541,-.65679218E-01
-1.3513337,.92994099
-1.0922954,.58882396
-2.3229785,1.6757327
-1.3337785,-.91086768
-1.7899316,1.3198432
-.92417601,.10234721
-.94801029,.24112965
-1.2814441,.85147590
-2.9238153,-2.0024369
-2.6705625,1.8716965
-.95853575,.28141505
-.96279370,.29615929
-2.0685220,1.5163004
-.96945451,.31785523
-.92936926,.14443492
-1.3690204,.94876962
-1.1010711,.60354384
-.96324427,.29767680
-.97772554,-.34289067
-1.1888152,.73467909
-.98669514,-.36812120
-2.0027521,-1.4722864
-1.0006229,-.40418890
-.98639507,.36730516
-2.0251163,-1.4873989
-.94317936,.22018552
-1.0879952,-.58147520
-1.0101778,.42717510
-.94539028,.23000758
-.91938460,-.29868741E-01
-1.7744046,-1.3080261
-2.2208589,-1.6136420
-1.4267693,1.0078003
-1.0389308,-.48988222
-1.3057809,.87959351
-1.2396611,.80090267
-.98456403,-.36228580
-1.1980498,.74714288
-1.0060167,-.41732034
-1.1986103,-.74789270
-1.2577998,.82323900
-1.2774299,-.84674832
-1.4519734,-1.0325065
-.92780185,.13314138
-.96028612,-.28756767
-2.0582706,-1.5095245
-1.1100588,.61825602
-1.0157257,-.43997085
-1.5000693,-1.0780823
-1.7425150,-1.2834146
-.96540049,-.30483422
-1.3275171,-.90396743
-1.0777795,-.56363284
-.96271594,.29589663
-.95336278,.26238996
-.92118969,.67099355E-01
-1.1537706,.68532040
-1.2315630,-.79072683
-1.4878790,-1.0667150
-1.2225874,-.77929310
-.92079142,.60875116E-01
-.92079142,.60875116E-01
-1.4040672,-.98501640
-.92534855,-.11322556
-.98248188,.35649220
-1.3001496,.87316791
-1.1555771,-.68795134
-1.5620500,-1.1341177
-1.8278512,-1.3482675
-1.1341547,-.65607339
-1.2135957,.76766813
-2.0923074,-1.5319066
-2.2431888,1.6274214
-1.0315954,.47467214
-1.9485772,1.4350182
-1.9708233,1.4504377
-1.0586596,-.52862283
-2.7137883,-1.8946503
-1.2137313,-.76784478
-.91910348,.18163247E-01
-1.1604055,-.69493444
-1.7823020,-1.3140498
-.92385444,.99155495E-01
-3.8504602,-2.4213722
-2.2108210,-1.6074094
-1.0393428,.49072252
-1.0558660,-.52331143
-3.0944580,-2.0859144
-1.0934749,.59082379
-.99626669,-.39326367
-.92018695,.49968367E-01
-1.1250891,-.64210678
-2.6043404,-1.8359749
-2.0885108,-1.5294262
-1.1052822,-.61048118
-1.7061171,-1.2547339
-1.1075321,.61415563
-1.0069636,.41958336
-2.3519903,1.6929570
-1.5925763,1.1607220
-.99475457,.38939964
-1.0443745,.50087111
-4.4444552,2.6553782
-.96182918,.29288442
-2.1322477,1.5577607
-2.1322477,1.5577607
-1.2602892,-.82625738
-1.2893096,.86066380
-.99254386,.38368040
-.94887237,.24467873
-2.3223220,-1.6753409
-1.0985710,-.59938707
-.92103896,-.64813954E-01
-1.3053361,.87908762
-3.1244718,2.1002539
-1.7431735,1.2839276
-2.1023298,-1.5384351
-2.3903239,-1.7154506
-1.1567718,-.68968581
-2.4199978,-1.7326623
-1.3710857,-.95094391
-.94857604,-.24346462
-2.5660165,1.8149810
-.94849609,.24313601
-.94667802,.23553977
-.93195716,.16136061
-1.0476012,.50727253
-1.2088862,-.76150856
-1.6351158,-1.1968101
-1.6560079,-1.2141412
-1.0425729,-.49726118
-.93178052,-.16026221
-1.1551055,-.68726559
-.93705998,-.19037564
-1.0356181,.48307262
-2.4214545,-1.7335028
-2.6339848,-1.8520509
-1.0276295,.46624233
-1.1496328,-.67925591
-1.4429626,1.0237423
-1.3993683,-.98023442
-.92314237,.91693372E-01
-1.2254250,.78292586
-.93057784,-.15257333
-.91999842,.46041031E-01
-.95412578,-.26528192
-1.0440889,-.50030068
-.97520724,-.33546598
-1.3481100,.92646795
-1.4220067,1.0030634
-.91928611,-.26365700E-01
-3.3123459,-2.1878791
-1.9858327,1.4607492
-1.0177596,-.44456960
-.91966878,.38216306E-01
-1.0075435,-.42096320
-2.3131241,-1.6698417
-3.2743270,2.1704324
-1.9238145,1.4176572
-3.5302193,2.2852924
-.92635663,-.12180390
-.93098076,-.15519166
-.92232786,-.82332540E-01
-1.6317881,-1.1940264
-2.2611453,1.6384180
-1.2682050,-.83578285
-1.4795234,-1.0588530
-1.0324341,.47643581
-1.0169723,-.44279521
-1.4595934,-1.0398605
-.95622112,-.27306626
-.93777249,.19408222
-1.3494072,-.92786712
-1.0797804,.56717163
-4.3784797,2.6304149
-3.9435816,2.4595297
-1.2944354,-.86659896
-1.2158636,-.77061672
-1.2487873,-.81221771
-1.6193047,1.1835254
-1.1561966,.68885129
-.98160674,-.35402883
-1.5190714,-1.0955664
-1.6822874,1.2355961
-1.0353626,-.48254345
-.93281806,-.16661046
-1.4597933,1.0400527
-1.7262366,1.2706676
-1.0610769,.53317610
-1.0757364,.55999624
-1.3224601,-.89835576
-1.3258541,.90212593
-.93623448,.18598897
-2.3253348,1.6771382
-1.0126706,.43297121
-1.1049431,.60992551
-1.1295693,-.64904658
-.98891299,-.37409746
-1.0108489,-.42874317
-1.2029063,-.75361499
-1.1952796,.74342598
-1.7812277,1.3132320
-1.1172663,.62980596
-.91990354,.43931961E-01
-2.4223347,1.7340105
-1.2130824,.76699913
-3.1571766,-2.1157684
-.92257992,.85339188E-01
-1.1471913,-.67565186
-2.2819560,-1.6510708
-.93652709,-.18755562
-1.1678724,.70559747
-3.1631787,-2.1186034
-1.2936117,.86564790
-1.0526021,-.51703680
-1.3615931,.94090865
-1.1732428,.71316802
-.93831887,-.19687729
-1.9606434,-1.4434021
-.92017904,.49809684E-01
-.94204255,-.21496055
-1.0209756,.45174557
-2.7807569,-1.9296727
-1.5978295,1.1652390
-1.1726157,.71228804
-.92034392,-.53016666E-01
-1.9722547,-1.4514242
-.91905043,.14959836E-01
-.93143045,-.15806277
-2.9378968,2.0094568
-.92048071,-.55536871E-01
-.94531412,.22967623
-.94005838,.20552298
-2.4355103,1.7415923
-1.3129265,-.88768005
-.93198035,-.16150429
-.92306287,-.90822257E-01
-3.3090057,-2.1863518
-.95221462,.25797708
-.93822686,-.19640941
-.95489841,.26817857
-.93393529,.17318633
-1.1517310,.68233779
-1.0660921,-.54250073
-2.2001205,-1.6007386
-6.3680040,-3.3012317
-2.3816805,-1.7104046
-.96331662,.29791973
-2.8130068,-1.9463136
-1.1179287,-.63085685
-.94416223,.22460496
-1.8494605,-1.3642008
-.92144517,-.70804500E-01
-.97859799,.34542569
-1.0357182,.48327984
-1.2268128,-.78469650
-.95739036,-.27731507
-2.1577572,-1.5740512
-1.0424492,.49701241
-.96111907,-.29044979
-1.9439255,-1.4317730
-2.0394846,1.4970278
-3.3237153,2.1930694
-.94767252,.23972478
-.99510251,.39029214
-.91906063,-.15626549E-01
-.92281556,.88057105E-01
-1.1748094,-.71536129
-.93535508,.18119905
-.92141244,-.70340733E-01
-.94319751,.22026793
-.93074185,-.15364449
-.92073284,-.59905039E-01
-1.7992780,1.3269058
-1.1128041,-.62268063
-1.4006960,-.98158795
-1.9239744,-1.4177700
-1.3397950,-.91744919
-.91895674,.60340535E-02
-1.5591184,1.1315298
-1.2946220,.86681423
-1.0292168,-.46963438
-1.2867950,.85773712
-3.6143144,-2.3217993
-.98569181,.36538549
-1.6323802,-1.1945222
-2.3138971,-1.6703045
-1.1049654,.60996210
-.98462820,-.36246287
-1.1625828,-.69806050
-.96063922,.28879295
-1.0729342,.55496974
-1.8761028,-1.3835926
-.92806330,-.13509085
-.93810393,-.19578251
-1.5645152,-1.1362893
-1.1525376,.68351894
-1.6056571,-1.1719374
-1.4529820,1.0334829
-1.2050818,-.75649628
-1.4070417,.98803157
-.97252313,.32736707
-1.2379098,-.79871309
-1.2105571,.76369962
-1.0347207,.48121126
-.92486083,.10883286
-1.4425240,-1.0233137
-1.3481174,-.92647594
-1.0262171,.46320308
-.92073413,.59926534E-01
-.91948160,.32956653E-01
-1.0559263,.52342663
-1.0165715,.44188904
-1.8640620,-1.3748625
-.93190922,.16106328
-.96838243,-.31446430
-2.2034557,-1.6028207
-1.9859973,1.4608619
-2.8512310,-1.9658548
-2.0826257,-1.5255734
-.92850781,.13834216
-1.1514950,-.68199182
-1.0430127,.49814481
-2.0201608,-1.4840635
-1.1232774,-.63927912
-.95811420,.27991308
-1.3285181,.90507411
-2.2360407,1.6230232
-1.4662936,1.0462839
-1.4654289,-1.0454572
-.93111126,-.15603032
-1.1083387,-.61546764
-1.0456828,.50347652
-1.1843105,-.72852177
-.92072196,.59723222E-01
-1.1836139,-.72756498
-1.6907370,1.2424158
-1.6907370,1.2424158
-1.1763042,-.71744785
-.92127264,-.68324319E-01
-1.2509510,-.81487730
-1.3441076,-.92213785
-.93010352,.14943217
-1.6230720,-1.1867042
-2.4397170,1.7440060
-1.2530787,.81748414
-1.2884621,.85967849
-3.4094804,2.2318342
-1.1247100,.64151610
-.96166542,.29232479
-.92089850,.62609326E-01
-2.5917490,1.8291038
-1.6700515,1.2256533
-.93690314,-.18955003
-1.0265373,.46389397
-.91902071,-.12819663E-01
-.92964404,.14632501
-1.1025735,-.60602794
-.99945896,-.40129897
-1.1839332,.72800367
-1.1219361,.63717747
-1.1469197,-.67524977
-1.3369626,.91435664
-1.0208522,.45147234
-1.1465093,.67464177
-1.5525864,1.1257423
-1.0683593,.54666392
-.91898982,-.10128123E-01
-1.2497973,-.81346022
-.93684153,.18922471
-.94043956,-.20736935
-2.5783137,-1.8217438
-1.0313566,.47416887
-1.0644639,.53949127
-1.4263759,1.0074099
-1.2002845,-.75012789
-4.6210633,2.7210751
-.94755205,-.23922171
-1.0479696,.50799815
-3.6242776,2.3260864
-1.3862712,.96678092
-.93229154,.16341973
-1.9180229,-1.4135659
-.93030792,.15079378
-.96569356,.30579412
-1.3148586,.88985395
-1.1066880,-.61277964
-.95021136,.25009129
-1.1388064,.66312567
-1.8607331,1.3724391
-1.2233064,-.78021520
-1.0876048,-.58080340
-3.7898152,-2.3961956
-1.6533585,1.2119570
-.91935919,.29005235E-01
-.92629637,.12130820
-.99199188,.38223906
-.95441627,.26637468
-.92310235,.91255907E-01
-.96598267,.30673811
-.93684070,.18922034
-1.0620252,-.53495168
-.92562715,.11565996
-.92019355,-.50100142E-01
-.92084546,.61756425E-01
-.96317644,-.29744885
-.96135286,-.29125359
-1.0724643,.55412229
-.92042167,-.54463547E-01
-.93094402,.15495471
-1.3061051,-.87996197
-.93828425,-.19670137
-1.3868483,.96737770
-1.1322435,.65315378
-.96901028,-.31645457
-1.0201810,-.44998327
-1.1716976,.71099798
-.98334766,.35891259
-2.5683539,1.8162684
-1.4973316,-1.0755399
-2.0115029,-1.4782181
-.96811689,.31361872
-1.3531595,-.93190234
-2.0996730,-1.5367072
-1.1750714,.71572741
-1.1679655,.70572938
-1.9581660,-1.4416848
-.95786394,-.27901757
-1.5025403,-1.0803719
-1.2684895,-.83612315
-1.3318595,.90875846
-1.7933236,1.3224107
-1.1071090,-.61346626
-1.0578581,-.52710439
-2.2651761,1.6408763
-1.6851979,-1.2379494
-1.4728392,-1.0525215
-.91901351,-.12245458E-01
-3.9548990,-2.4641268
-2.3784501,-1.7085149
-1.9102847,1.4080811
-1.6093286,-1.1750660
