SampleLogFunc,SampleVariable1
-.99963568,.40173909
-.95593261,-.27200765
-1.5457002,-1.1196086
-1.6810495,1.2345939
-1.6283295,1.1911263
-2.2148920,-1.6099401
-1.1111022,.61994147
-.92453643,-.10581014
-.92008349,.47853103E-01
-1.2438028,.80605734
-.93715710,-.19088514
-.92239085,-.83094184E-01
-.91912742,.19436324E-01
-1.2091875,.76190418
-1.7251726,1.2698300
-.94102764,-.21018614
-.96005943,-.28677830
-1.2550305,-.81986819
-1.0865462,-.57897788
-1.2689854,.83671610
-1.4705988,-1.0503906
-2.1871213,-1.5925971
-1.3294114,.90606051
-.93868485,.19872754
-1.1460866,.67401493
-1.0825135,.57197019
-2.1230121,1.5518206
-1.4571084,-1.0374679
-1.6247727,-1.1881365
-1.1219797,-.63724589
-1.5134336,1.0904082
-1.4964470,1.0747171
-1.2593786,.82515456
-1.4029685,.98390036
-2.0927799,1.5322150
-.98032612,.35039288
-1.1397266,-.66451190
-1.2238226,-.78087651
-1.0164652,.44164837
-1.6055948,-1.1718842
-1.2883901,.85959478
-.99123740,-.38026008
-1.2921986,.86401396
-.98871179,.37355925
-1.5964876,1.1640868
-1.0418665,.49583870
-1.0194561,-.44836951
-1.7998075,1.3273048
-1.0391576,.49034481
-1.2258154,-.78342435
-2.9774949,-2.0290670
-1.1093285,-.61707371
-1.0368183,-.48555085
-1.0413205,-.49473623
-.95297838,.26092087
-1.4493052,-1.0299191
-1.3935216,-.97425156
-1.1036425,-.60778941
-1.5046239,-1.0822988
-1.6345366,1.1963261
-.93720171,.19111872
-3.4127579,-2.2333022
-1.2146654,-.76906032
-1.3410510,.91881711
-.91956936,-.35519854E-01
-3.4388430,-2.2449519
-3.2749641,-2.1707259
-1.3800237,.96029698
-1.5271555,1.1029206
-.99407410,-.38764822
-.97363901,-.33075813
-1.7107056,1.2583855
-.93758207,.19309864
-2.0961899,-1.5344389
-1.4953478,-1.0736939
-2.9927679,-2.0365802
-1.4809703,-1.0602187
-.96883945,-.31591428
-1.8943624,1.3967275
-1.2180996,-.77351286
-1.6310548,-1.1934121
-1.1204156,.63478667
-1.9716271,-1.4509918
-.91985264,-.42757678E-01
-2.3184348,1.6730190
-2.0913393,1.5312745
-1.1027691,-.60635065
-1.2834614,-.85384180
-1.0779307,-.56390096
-1.8558016,-1.3688412
-.92121259,-.67439658E-01
-1.1393958,.66401388
-1.2248402,.78217857
-1.1545020,-.68638690
-2.0853066,-1.5273298
-1.5326585,-1.1078989
-1.2157517,-.77047145
-1.1724243,.71201928
-1.0882224,-.58186572
-.97227012,.32659328
-.93923825,.20149299
-2.0071865,-1.4752952
-1.2786070,.84813737
-1.1348912,.65719508
-1.0529465,.51770255
-1.0621510,-.53518681
-2.3588961,-1.6970313
-1.0607034,.53247509
-.96119571,.29071353
-1.6292043,-1.1918606
-1.0723365,.55389167
-1.3317064,.90858992
-1.0902912,-.58541042
-1.0641587,.53892520
-.92095572,.63516741E-01
-1.0758356,.56017334
-.98451310,-.36214519
-1.3271336,-.90354305
-4.3745843,-2.6289335
-.99112825,.37997294
-7.2712392,3.5643515
-.93932767,-.20193629
-1.3637438,.94319163
-.92032615,.52680559E-01
-.95503369,-.26868257
-1.0306023,-.47257543
-1.0539976,-.51972898
-1.4046761,-.98563440
-1.4600984,-1.0403459
-1.0290106,-.46919513
-3.7354988,2.3734196
-1.1351516,.65759112
-2.9791905,2.0299024
-2.1250162,-1.5531115
-1.8458309,-1.3615377
-1.9349226,1.4254712
-1.9466640,-1.4336844
-.97668782,-.33985080
-1.2768614,-.84607669
-1.2052903,-.75677173
-.96669519,-.30905228
-.92053201,-.56453135E-01
-.92201519,-.78443049E-01
-2.2846712,-1.6527145
-.96094767,.28985907
-.91961957,-.36906317E-01
-2.8198148,1.9498084
-.92253575,-.84820027E-01
-1.1989779,.74838407
-1.3931679,.97388848
-1.6286951,1.1914332
-1.0512267,-.51436988
-1.0179361,-.44496633
-2.1440260,-1.5653035
-1.1024710,.60585878
-.98476176,-.36283116
-1.2448503,-.80735590
-.97637402,.33892621
-1.1764307,.71762405
-.98258802,-.35678983
-1.5810301,1.1507316
-1.0271350,-.46518050
-1.4257149,1.0067536
-2.6115881,-1.8399182
-2.0772378,-1.5220376
-1.5454850,-1.1194164
-.92325141,-.92874988E-01
-.99541715,.39109746
-.92516915,.11162986
-1.3629312,-.94232969
-3.6811167,2.3503949
-1.8219235,1.3438638
-1.1414343,.66707679
-1.4021191,.98303665
-.96784696,.31275685
-1.1469377,.67527644
-1.0570909,.52564696
-.92987370,-.14788624
-1.0710252,.55151915
-1.1388405,-.66317715
-1.0872279,-.58015401
-.98044481,-.35073146
-2.2628872,-1.6394808
-1.5969347,1.1644709
-2.1049659,1.5401476
-1.0318921,-.47529681
-1.2679453,.83547203
-1.5294482,-1.1049974
-.95078048,.25235669
-2.1382633,-1.5616176
-.92154153,-.72152548E-01
-1.3348192,-.91200953
-.91925092,-.24995628E-01
-.96277404,.29609292
-1.1022003,-.60541186
-1.0569785,-.52543317
-2.0176420,1.4823653
-.91909649,.17774185E-01
-.93068134,-.15325016
-1.2638285,-.83052996
-.99822017,-.39820004
-.92026547,-.51515802E-01
-1.0951399,-.59363516
-.94187235,.21416729
-1.0677759,-.54559568
-.98244081,-.35637698
-.99316621,-.38529904
-.92003089,.46740863E-01
-.94557113,-.23079252
-1.9813967,-1.4577093
-1.8219435,1.3438787
-.93482887,.17827135
-1.3134599,-.88828077
-1.9540206,1.4388065
-1.7363936,-1.2786360
-1.2606333,.82667376
-1.5033581,-1.0811286
-1.4096813,.99069953
-.92367168,.97294851E-01
-.94408318,-.22425276
-.94356006,.22190774
-.94356006,.22190774
-1.0313440,.47414239
-2.1604234,1.5757442
-1.9371637,1.4270425
-2.8413587,1.9608264
-1.4188526,.99991406
-.97239242,.32696754
-.94010794,-.20576399
-1.2306172,.78952976
-1.0769154,.56209757
-1.8133478,-1.3374672
-.93102373,.15546830
-1.5674198,-1.1388427
-1.3244059,.90051910
-3.1642000,-2.1190854
-1.1456385,.67334976
-1.8392988,1.3567315
-.93830879,-.19682612
-1.2761009,-.84517735
-.93619705,-.18578760
-.93802287,-.19536802
-1.0162338,.44112409
-1.2684358,.83605895
-1.4463790,1.0270739
-.92296916,.89784473E-01
-.93087018,-.15447750
-1.9629468,1.4449971
-3.2544505,-2.1612552
-1.0297406,.47074842
-1.0515608,-.51501890
-.93019479,.15004172
-2.0588252,1.5098918
-.99629720,.39334125
-.95449774,.26668037
-.95906201,.28327894
-1.3579937,.93707545
-.92895738,-.14155453
-.94980631,-.24846640
-1.2691421,.83690329
-1.1075978,.61426262
-.92466301,.10699975
-.92101578,-.64455376E-01
-1.0659003,.54214708
-2.4514339,1.7507115
-3.0289084,-2.0542492
-2.2651230,-1.6408440
-.98185227,.35472169
-2.5767742,-1.8208985
-.92017566,-.49741772E-01
-1.6344760,-1.1962754
-3.0521074,-2.0655115
-1.0835987,-.57386442
-.96396901,.30010156
-.94781950,-.24033713
-.91896560,.73569268E-02
-1.0509191,.51377142
-3.9835835,2.4757403
-.92901226,.14194173
-1.0500126,.51200410
-1.0592002,-.52964452
-1.0675909,.54525660
-1.3076040,.88166371
-1.1589538,-.69284239
-1.0790773,.56593071
-.92812804,.13556919
-.97353174,-.33043368
-1.4974367,-1.0756376
-.96724058,-.31081200
-.98998576,.37695419
-.94225954,-.21596764
-1.0132064,.43420696
-1.8366263,-1.3547603
-.92854005,-.13857500
-1.2420447,-.80387330
-2.4590875,1.7550777
-1.9233129,1.4173033
-1.0087953,-.42392636
-1.1750862,-.71574815
-1.7270875,-1.2713371
-.98862378,-.37332357
-1.5872849,1.1561543
-.98508035,.36370818
-6.1289866,-3.2280174
-1.6103852,-1.1759649
-1.1283242,-.64712549
-1.0858120,-.57770826
-1.4417269,-1.0225344
-1.0391252,.49027878
-1.8526339,1.3665251
-1.1516447,-.68221141
-1.1299156,-.64957993
-1.0473041,-.50668637
-.93780746,-.19426234
-2.2182152,1.6120029
-.95179060,.25632819
-1.3924370,-.97313765
-1.0831899,-.57315158
-.93681642,.18909197
-1.3275783,-.90403513
-1.1442312,-.67125650
-1.1013883,.60406915
-2.6571509,1.8645173
-2.2760232,-1.6474736
-1.0863987,.57872304
-1.8164936,1.3398172
-1.0795896,-.56683520
-.93854443,.19801970
-1.5812731,1.1509427
-.94203721,.21493572
-1.1064793,-.61243900
-1.0971758,.59705485
-1.2948594,.86708805
-.93622094,.18591614
-1.2758153,.84483938
-.93635013,.18660974
-1.3339435,.91104881
-1.6571845,1.2151099
-.98713926,-.36932567
-1.1629484,-.69858409
-.91915810,.20955277E-01
-.92183197,-.76071444E-01
-2.0279607,-1.4893100
-1.2540783,.81870602
-1.1349830,-.65733467
-2.3201579,-1.6740486
-.92504266,-.11049092
-1.0934488,-.59077961
-2.1414324,-1.5636457
-1.3375461,.91499460
-1.1750241,-.71566133
-.97932367,.34752017
-2.2826404,-1.6514853
-.94417306,.22465318
-.92591558,-.11812746
-1.1463469,.67440108
-1.3019285,-.87520279
-1.4894641,1.0682000
-.92573584,-.11659596
-1.0247875,.46010654
-1.3204921,-.89616245
-1.1076518,.61435050
-1.7522848,1.2910045
-1.7522848,1.2910045
-1.7036147,-1.2527379
-1.0091856,.42484598
-1.8110126,-1.3357201
-.99136603,-.38059821
-1.2020418,.75246691
-2.0263357,-1.4882185
-1.3139102,-.88878752
-1.2197181,-.77560245
-1.0222520,-.45456246
-.97237648,-.32691878
-.91901303,.12206407E-01
-1.2870717,.85805964
-1.5108004,1.0879907
-1.1363256,.65937406
-1.3842810,.96472012
-.97932045,.34751091
-1.0595539,.53031192
-1.2753106,-.84424180
-1.9585526,1.4419529
-1.3473494,-.92564667
-.92402061,-.10081743
-1.0524295,-.51670287
-1.4176669,.99872752
-2.2336444,1.6215461
-1.3035040,-.87700114
-1.3694243,.94919519
-.98046570,.35079100
-.97835104,-.34471004
-1.1485934,-.67772397
-1.1961765,-.74463139
-1.0316159,.47471552
-1.0316159,.47471552
-.93558665,.18247255
-.97602970,.33790876
-1.5164614,-1.0931815
-1.2377541,.79851810
-.92450858,-.10554662
-1.0618846,.53468880
-2.2870535,1.6541554
-1.0516812,.51525263
-1.4979109,-1.0760784
-.95809000,-.27982661
-.91900362,-.11409201E-01
-1.1846047,.72892553
-1.2179287,-.77329184
-2.4466127,-1.7479555
-2.5132272,1.7856588
-1.6199424,-1.1840641
-1.6691299,-1.2249011
-2.4467482,-1.7480330
-1.3288635,-.90545565
-1.3320746,-.90899511
-1.0946251,-.59276740
-.91900294,-.11349804E-01
-.92314587,-.91731541E-01
-1.7678444,1.3030010
-3.5422863,-2.2905667
-1.3577115,-.93677423
-1.6306683,-1.1930882
-1.2373150,.79796794
-1.3610267,-.94030654
-1.5673465,-1.1387782
-.99870384,.39941283
-1.1362292,-.65922776
-2.3341636,-1.6823942
-1.0503191,-.51260229
-1.3041650,.87775448
-1.9142510,-1.4108951
-1.9748008,-1.4531774
-.92739722,-.13006683
-1.6076906,-1.1736712
-1.0822014,-.57142433
-1.8249134,1.3460868
-1.7632039,1.2994348
-1.3251583,-.90135430
-.93934528,.20202348
-2.1732737,1.5838782
-.93012212,-.14955662
-.93012212,-.14955662
-.92339311,.94388263E-01
-1.0108922,.42884408
-1.4092151,-.99022884
-1.5510125,-1.1243433
-1.2360279,.79635334
-3.6506729,2.3374064
-1.1049360,.60991385
-1.2648863,.83180261
-1.0608887,-.53282305
-.98044998,-.35074619
-.91944176,.31724701E-01
-1.3380186,.91551082
-1.2011000,.75121437
-.94521085,-.22922617
-1.0045173,-.41371192
-1.8107188,1.3355001
-1.1232453,.63922885
-.97927408,.34737744
-.91905350,.15163658E-01
-1.2462500,-.80908776
-.94879490,-.24436190
-1.0756754,-.55988725
-1.7913683,-1.3209313
-1.7014183,-1.2509834
-.91939671,-.30271302E-01
-1.0006849,-.40434227
-2.0901899,1.5305237
-1.1234672,-.63957597
-.92086891,.62134918E-01
-.93367556,-.17168009
-.93367556,-.17168009
-1.4018536,.98276653
-1.2304762,-.78935117
-1.3415448,.91935440
-1.0448400,-.50179963
-.94465127,.22677185
-1.9715144,1.4509141
-1.1327555,-.65393732
-1.0693545,-.54848141
-.91928177,-.26200511E-01
-1.3226338,-.89854911
-1.4263577,-1.0073918
-2.1867802,-1.5923829
-1.6503358,-1.2094605
-1.4580356,1.0383613
-.92566795,-.11601218
-.97282576,.32829020
-1.3462037,.92440814
-.94615335,-.23330159
-3.1274565,2.1016745
-.95343284,-.26265685
-1.0696910,.54909459
-1.3722422,-.95215929
-2.3190559,-1.6733902
-.91893858,-.29789659E-03
-1.8649774,-1.3755282
-1.1681221,-.70595116
-1.8858244,1.3906012
-.92001363,-.46370147E-01
-.97729450,-.34163129
-1.0134086,-.43467233
-1.2820919,-.85223635
-1.4949376,-1.0733117
-1.8719375,-1.3805788
-1.7169253,-1.2633185
-1.9319687,-1.4233974
-1.0602360,-.53159650
-1.1221862,.63756988
-1.1031981,-.60705777
-.93582204,-.18375802
-1.0526195,-.51707063
-.95187012,-.25663820
-1.3740640,-.95407073
-2.1784961,-1.5871720
-1.1998120,.74949781
-2.8798283,1.9803483
-1.0598618,-.53089222
-1.0462986,.50469807
-2.7927967,-1.9359019
-1.0227322,-.45561751
-1.6704534,-1.2259811
-.91980802,.41700960E-01
-4.1763311,2.5524077
-.93226484,-.16325629
-1.8464519,1.3619936
-.94361529,.22215652
-.97051535,-.32117540
-1.1357844,.65855271
-1.1275531,-.64593283
-1.7967396,1.3249914
-1.4664503,1.0464337
-.92608909,.11958724
-1.1112775,-.62022408
-1.1165583,.62868076
-1.1011384,.60365532
-2.4314222,1.7392433
-1.7265602,-1.2709223
-1.6995779,-1.2495114
-1.3917733,.97245541
-.95037715,-.25075335
-2.0472763,1.5022235
-3.6120703,2.3208325
-.97724225,.34147830
-.92653585,-.12326651
-.98491410,.36325079
-4.7221394,-2.7579706
-1.2885005,.85972316
-1.1582950,.69189082
-2.0662066,-1.5147726
-1.1028097,-.60641759
-1.0987706,.59972008
-3.0648881,-2.0716899
-2.7805392,-1.9295599
-1.1691343,-.70738353
-.93059083,.15265840
-2.4940695,-1.7748977
-.92340490,.94513123E-01
-1.0287080,-.46854983
-1.2521801,-.81638417
-1.1934146,.74091307
-1.0922436,.58873610
-1.1993400,-.74886782
-.92974598,-.14702005
-.94134669,-.21169862
-1.3288839,-.90547814
-1.2405694,.80203604
-1.0763810,.56114603
-1.2724340,.84082758
-.92105336,-.65035756E-01
-.97945974,.34791150
-1.2298281,-.78852971
-1.7677514,-1.3029297
-1.1339644,.65578337
-1.0169394,-.44272083
-.92688871,-.12609659
-1.5840957,1.1533925
-1.8937682,-1.3963020
-1.2769317,.84615973
-.93108604,-.15586860
-1.4385927,-1.0194648
-5.1862345,-2.9214024
-.92648145,.12282437
-1.5230308,-1.0991745
-1.2612296,.82739479
-2.4016144,-1.7220197
-.91897506,-.85475451E-02
-1.8488643,-1.3637637
-1.0099833,.42671947
-1.0145795,.43735798
-.97319567,-.32941505
-4.8972611,-2.8207526
-2.3917673,1.7162918
-1.1929726,-.74031627
-1.3708370,.95068231
-1.3708370,.95068231
-2.9623777,2.0216029
-1.5646923,1.1364451
-.96101889,-.29010468
-3.4244823,2.2385458
-1.3018413,-.87510318
-1.8987813,-1.3998877
-1.6347409,-1.1964969
-1.3428702,-.92079500
-1.9072878,1.4059511
-.92281683,-.88071553E-01
-1.0433351,-.49879167
-1.8637797,1.3746571
-1.1097516,-.61775888
-.94228151,.21606932
-.93544435,.18169105
-.94693396,.23662387
-1.0566310,.52477135
-1.5224769,1.0986705
-.94002036,-.20533790
-1.1863094,-.73126032
-1.0507064,-.51335732
-.93093057,-.15486790
-1.0355231,.48287588
-1.0374735,.48689837
-2.3084193,-1.6670218
-1.1632583,-.69902761
-1.4687812,-1.0486588
-1.9922374,-1.4651272
-1.1513322,.68175315
-1.0557285,.52304868
-.92189562,.76903647E-01
-1.0033197,.41080685
-2.0091842,-1.4766487
-1.3810406,-.96135534
-1.3810406,-.96135534
-1.1446713,-.67191192
-2.0725821,-1.5189757
-1.3635186,.94295285
-1.3896960,.97031696
-1.8728349,-1.3812287
-.92437938,-.10431531
-.91980929,.41731482E-01
-.96429548,-.30118749
-1.1513256,-.68174349
-1.6711903,-1.2265820
-1.0412016,-.49449582
-.97415710,-.33232082
-.99477270,-.38944619
-1.1679800,-.70574991
-1.5464142,1.1202461
-7.2759128,3.5656624
-.93093279,.15488228
-.97649146,.33927254
-1.7070121,1.2554470
-3.3256178,-2.1939368
-1.5469328,-1.1207089
-2.3002720,1.6621272
-.91896575,.73781547E-02
-1.7425380,-1.2834324
-2.7496907,-1.9135058
-1.4580342,-1.0383599
-.93022197,-.15022277
-1.0312928,-.47403442
-1.2867275,-.85765835
-2.0890995,1.5298111
-.91956088,-.35280106E-01
-1.5308183,1.1062367
-4.2583157,-2.5843286
-.94991520,-.24890428
-2.2463150,-1.6293412
-.92322623,-.92603397E-01
-.97546402,.33623053
-.93443344,.17603926
-1.1048665,-.60979992
-1.1048665,-.60979992
-.93003384,.14896512
-1.1518771,.68255186
-1.5074974,1.0849506
-1.0239665,-.45831862
-1.8773412,1.3844874
-.93617191,.18565225
-1.5700735,-1.1411704
-1.8886998,1.3926674
-2.4064050,1.7247994
-2.9585880,2.0197275
-3.0436903,2.0614324
-1.3272620,.90368516
-1.3558618,.93479756
-.91909123,.17475379E-01
-.93923466,-.20147518
-1.0384469,.48889342
-1.1925450,-.73973847
-1.3727867,.95273095
-2.0003908,-1.4706817
-.93017251,.14989314
-2.0088438,-1.4764181
-.91898132,-.92507646E-02
-1.1024187,-.60577251
-.94338215,.22110459
-1.0071243,.41996617
-2.2675897,-1.6423466
-1.3757868,.95587471
-1.0876732,-.58092114
-.92491166,-.10929889
-.98780867,.37113376
-1.0854207,-.57703055
-1.3144230,.88936429
-.94499049,.22826283
-1.0831724,-.57312108
-1.0831724,-.57312108
-1.0485469,.50913327
-.97222499,-.32645506
-1.0264195,.46363982
-.92785235,.13352019
-.92258018,-.85342255E-01
-1.5804787,1.1502523
-1.0456109,-.50333367
-1.7422314,-1.2831935
-.95993621,-.28634830
-.93803263,-.19541800
-.92544434,.11406846
-1.1562546,.68893558
-1.0854070,.57700681
-1.2794452,-.84912509
-1.2500075,-.81371864
-1.0472448,-.50656928
-1.0104954,-.42791793
-1.4378448,1.0187308
-1.0592118,-.52966652
-1.0015061,.40636829
-.95221943,-.25799574
-1.0737337,.55640848
-1.9736249,-1.4523680
-1.0164137,.44153175
-1.3075984,-.88165736
-1.2168216,-.77185886
-1.3199834,.89559463
-.92189495,-.76894891E-01
-1.0283245,.46773061
-.97186076,.32533746
-2.2703102,-1.6440022
-1.6114543,1.1768736
-2.1656919,1.5790842
-2.4031859,1.7229320
-1.2056406,.75723453
-1.6100213,1.1756553
-2.3846835,-1.7121594
-1.3392008,-.91680123
-1.5460844,-1.1199517
-1.5460844,-1.1199517
-1.4892370,1.0679873
-1.0323947,.47635316
-.93032541,-.15090977
-.92019053,.50039928E-01
-.94115795,-.21080521
-1.9444609,1.4321469
-.94354907,-.22185823
-1.5075468,-1.0849961
-.98391410,.36048737
-1.6284722,1.1912462
-.93608077,.18516068
-2.6894775,-1.8817752
-1.1868927,-.73205756
-1.0210775,-.45197109
-1.0264757,.46376118
-.91915105,-.20616583E-01
-1.0555579,-.52272244
-1.2202030,-.77622740
-1.8175437,-1.3406007
-.92265209,-.86180675E-01
-1.0796462,-.56693505
-1.0147330,.43770872
-1.1051908,-.61033150
-1.9662224,1.4472622
-1.1158152,.62749765
-.92006204,.47402725E-01
-3.5987103,2.3150688
-.99175566,-.38162056
-1.4788396,1.0582070
-1.1418325,.66767357
-1.1699373,.70851791
-1.6959105,1.2465729
-.91905030,.14950934E-01
-3.0800978,-2.0790187
-.95338478,-.26247381
-.93325163,.16919278
-1.1364805,.65960893
-1.1190908,-.63269622
-1.1690136,-.70721286
-1.5810678,-1.1507643
-1.0272311,-.46538719
-1.6813068,1.2348022
-2.8813030,1.9810929
-1.1720989,-.71156219
-1.3253069,.90151916
-.94510571,-.22876701
-.92056927,.57109320E-01
-.98578474,.36563973
-.95257212,-.25935917
-1.0167228,-.44223120
-.93517972,-.18022866
-1.0742132,.55726958
-1.4863051,-1.0652386
-2.3224810,-1.6754357
-1.1026164,.60609878
-2.0640752,-1.5133649
-.96199132,.29343750
-1.3357996,-.91308384
-2.6590846,1.8655541
-1.0403628,.49279665
-1.9566398,-1.4406257
-.94826227,-.24217239
-.92103147,.64698383E-01
-1.3340182,.91113082
-1.3157879,.89089774
-1.2393947,.80056999
-2.7486795,-1.9129772
-.95186447,.25661622
-1.2444990,-.80692063
-1.0788902,.56560003
-1.8586477,-1.3709188
-.92217990,.80515420E-01
-1.3910736,-.97173560
-1.5034181,-1.0811841
-.92281367,.88035637E-01
-.93177044,-.16019930
-1.4599890,1.0402408
-1.0019166,.40737716
-2.6689883,-1.8708553
-1.2964328,.86890081
-1.0016300,-.40667290
-1.0340563,.47982859
-1.6067284,-1.1728511
-1.0570821,-.52563018
-1.5196721,1.0961146
-.99554772,.39143118
-1.1603237,.69481681
-1.7945555,1.3233419
-1.0072272,-.42021118
-1.5274975,-1.1032307
-2.8295174,1.9547782
-1.3602824,.93951466
-1.1510692,-.68136732
-1.0923607,-.58893499
-1.7518552,-1.2906717
-1.2374009,-.79807562
-1.9630443,1.4450645
-.91965809,.37935598E-01
-1.3413808,.91917601
-1.1418241,-.66766089
-.99419814,.38796806
-.96392631,-.29995924
-2.0993901,1.5365230
-.92100874,-.64346060E-01
-1.8376135,-1.3554888
-.93125307,-.15693654
-2.3384853,-1.6849610
-1.0234208,.45712633
-1.9590114,-1.4422711
-3.7377536,-2.3743694
-5.3717374,-2.9842248
-1.0263191,.46342327
-4.2413057,2.5777382
-.92792907,.13409350
-.91966107,-.38014166E-01
-2.1246800,1.5528950
-1.0005329,.40396634
-1.1887885,.73464267
-2.3040397,1.6643925
-1.0114463,-.43013431
-.96987781,.31918421
-.94089875,-.20957200
-1.5460399,1.1199119
-.93850456,-.19781822
-1.1162494,.62818923
-1.2591726,.82490493
-4.6167996,2.7195077
-.92010470,.48294178E-01
-.92010470,.48294178E-01
-.92255460,-.85041933E-01
-.94746453,-.23885558
-1.8400096,-1.3572554
-3.1518484,2.1132486
-3.2050113,2.1382576
-2.3328061,1.6815871
-.92712423,-.12795073
-1.1726307,.71230913
-1.2581662,-.82368396
-1.0628586,-.53650738
-1.3213072,-.89707154
-.92582384,-.11734823
-.97553953,-.33645503
-1.6655130,-1.2219447
-1.2045321,-.75576918
-1.4825307,-1.0616894
-.93545398,.18174403
-.91904755,.14765871E-01
-1.2935882,-.86562078
-1.0595643,.53033154
-.93644245,.18710380
-1.4528648,-1.0333695
-2.5962592,1.8315680
-.99799334,.39763000
-1.2968227,.86934932
-1.3529964,.93172733
-1.3529964,.93172733
-1.5081903,1.0855890
-1.2325034,.79191525
-1.5088587,-1.0862046
-1.7109183,-1.2585546
-3.9650311,-2.4682352
-.92023850,-.50989540E-01
-.95551201,-.27045693
-1.1263302,-.64403673
-1.2539471,-.81854577
-2.1719608,1.5830491
-1.0216147,-.45315827
-1.3164931,-.89168896
-.93569122,-.18304471
-.94053522,.20783014
-1.0412675,-.49462907
-.97602921,-.33790731
-1.0368513,-.48561880
-1.8450963,-1.3609980
-1.0142559,.43661744
-.92455210,.10595814
-1.7387735,1.2804959
-.96765256,-.31213466
-1.0347004,.48116915
-.97488595,-.33450684
-.91896558,.73554747E-02
-1.1682177,.70608670
-.93534310,.18113289
-.91908704,-.17233958E-01
-2.3436173,-1.6880040
-.97718000,-.34129597
-2.1047232,1.5399900
-.93363669,.17145353
-.93248981,.16462853
-1.2043547,.75553443
-3.1997479,2.1357946
-3.4709292,2.2591993
-3.7237461,2.3684626
-2.0885718,-1.5294661
-1.0316584,-.47480488
-3.5433934,2.2910499
-1.2065633,.75845204
-.93551503,-.18207964
-1.5419153,1.1162229
-1.0487312,-.50949512
-1.8220082,1.3439268
-.92093556,.63198561E-01
-1.8772387,-1.3844134
-1.0347462,-.48126437
-1.4433017,1.0240734
-.96800115,.31324947
-.96027966,-.28754522
-.94841905,-.24281895
-1.5228655,-1.0990241
-.93707183,-.19043788
-.94199659,.21474662
-1.0980865,.59857826
-.96706159,.31023557
-.96671617,-.30912016
-1.4916315,-1.0702270
-6.7479408,3.4143820
-9.7268066,4.1971104
-.92124809,.67964056E-01
-1.0755984,-.55974969
-2.5469619,-1.8044519
-2.2125136,-1.6084620
-1.0926141,.58936498
-1.8619875,1.3733528
-.95549240,-.27038443
-1.1216658,.63675317
-4.0643564,2.5081538
-1.4707749,-1.0505583
-1.4179000,-.99896097
-2.6609883,-1.8665743
-2.0759998,-1.5212240
-1.0224801,.45506386
-.97853590,.34524591
-3.5314510,2.2858313
-3.4945703,2.2696395
-1.1432801,.66983811
-1.6977339,-1.2480347
-2.1344387,1.5591665
-.93862085,.19840521
-1.1435349,-.67021836
-2.3621323,1.6989372
-.92794720,.13422866
-1.6704062,1.2259426
-.94836845,.24261045
-3.0961681,-2.0867341
-2.9861245,-2.0333155
-2.2170664,-1.6112901
-.92172928,.74709365E-01
-2.0192687,-1.4834623
-.91957227,.35601644E-01
-.92828589,.13672861
-.92606999,-.11942744
-1.0640375,.53870029
-1.8397416,1.3570579
-.91902825,.13395208E-01
-.94575407,.23158383
-.95218744,-.25787170
-.93313873,-.16852418
-.92163172,.73391883E-01
-1.9917756,-1.4648119
-.92905328,.14223040
-1.1391398,.66362830
-1.0088199,-.42398430
-3.1614797,-2.1178013
-.96308228,-.29713212
-1.7978536,1.3258319
-2.1723853,1.5833173
-2.3052369,1.6651116
-.97103750,.32279705
-4.2799922,2.5927027
-.93174343,.16003059
-.92201573,.78449986E-01
-2.1424344,-1.5642863
-1.7387028,-1.2804407
-2.3691501,1.7030629
-1.8850251,-1.3900263
-1.1248616,.64175235
-1.6027086,-1.1694187
-1.1980207,.74710401
-.92430265,.10357715
-.94525991,-.22944010
-2.7363259,-1.9065085
-.92020476,-.50323512E-01
-.91947241,.32676505E-01
-.96827920,-.31413584
-.96820635,.31390385
-.93276986,-.16632091
-2.5234811,1.7913920
-1.2980551,.87076580
-1.0068420,-.41929349
-.92011517,.48510606E-01
-.94743029,.23871222
-1.2800142,-.84979484
-1.4134166,.99446271
-2.4776747,1.7656365
-1.2601683,.82611111
-.92971217,.14678991
-1.0055636,-.41623324
-1.1577578,-.69111394
-1.2201870,.77620673
-.91964036,.37465266E-01
-3.0122018,2.0461003
-2.3036266,1.6641443
-2.0359069,-1.4946360
-.95861018,-.28167940
-1.2291714,.78769642
-.92134040,-.69308975E-01
-2.0461372,1.5014651
-1.0350877,.48197347
-1.0793251,-.56636838
-2.4225626,-1.7341419
-1.0435072,-.49913649
-1.0348657,-.48151253
-1.0017282,.40691437
-1.3656859,-.94524851
-.93108142,.15583895
-.97283978,.32833290
-.95071925,-.25211392
-.99544266,.39116269
-2.0343195,-1.4935735
-1.6356314,-1.1972409
-1.2256044,-.78315495
-.92190750,-.77057924E-01
-1.0571145,-.52569178
-2.4040957,-1.7234600
-2.2695378,-1.6435323
-.92487224,.10893764
-1.0798873,.56736014
-1.0149335,.43816651
-.91920642,.23146618E-01
-.92031167,-.52404849E-01
-.92288439,.88835330E-01
-1.1138239,.62431627
-1.6905844,1.2422930
-.91939406,-.30183553E-01
-.99715886,.39552578
-1.2278788,.78605382
-.91929087,-.26545833E-01
-2.7247186,-1.9004105
-.92721617,.12866729
-1.9856179,-1.4606022
-2.2137045,1.6092023
-.92138853,-.70000022E-01
-.92566169,.11595826
-.92566169,.11595826
-.92566169,.11595826
-.97431083,.33278311
-1.1995212,.74910967
-2.0419401,-1.4986671
-2.2272828,1.6176181
-1.0798168,-.56723589
-.96968145,-.31856842
-1.1092916,.61701395
-.98356652,-.35952186
-1.9339409,-1.4247824
-1.5928599,1.1609663
-1.8082984,1.3336865
-1.2661342,-.83330147
-1.1731509,-.71303913
-1.0199988,-.44957810
-1.0246025,.45970411
-1.5618357,1.1339288
-1.8468070,-1.3622543
-1.2737873,.84243553
-1.1293118,-.64864979
-.99452710,.38881503
-.95749388,.27768813
-.98502566,-.36355777
-1.4868041,1.0657069
-2.1086564,-1.5425420
-2.9134117,1.9972347
-.99171980,-.38152659
-1.0396728,-.49139448
-1.2777077,.84707637
-1.2136871,.76778716
-.92827996,.13668526
-.92083034,.61511120E-01
-1.2362698,.79665713
-.96554234,.30529921
-.93925986,.20160024
-1.8689670,-1.3784255
-.96039325,.28794000
-1.0017071,-.40686243
-.99761000,.39666477
-.92520386,.11194044
-.93049845,.15205205
-.91894672,.40456838E-02
-.94261705,.21761672
-1.0062494,-.41787756
-1.0999737,-.60172288
-3.2212249,2.1458268
-1.0251017,.46078875
-.94383060,.22312357
-2.2468751,1.6296850
-3.0302947,2.0549239
-1.0034608,-.41115030
-.96900512,-.31643826
-1.8526831,1.3665610
-.99616589,-.39300726
-1.0270770,-.46505584
-3.5931705,-2.3126746
-.94198289,.21468281
-.94198289,.21468281
-2.4270869,-1.7367489
-2.0777792,1.5223933
-.91897300,-.83030878E-02
-1.3504930,-.92903660
-.91942981,.31345662E-01
-1.2250869,-.78249391
-1.1879396,.73348633
-1.9879293,-1.4621838
-.93293688,-.16732213
-1.1508086,.68098465
-.98775968,-.37100173
-1.5648306,-1.1365668
-1.9534585,1.4384158
-.93101534,.15541435
-1.0326397,-.47686712
-.92280811,.87972439E-01
-.95796043,.27936319
-.95796043,.27936319
-.92399656,.10057860
-1.0796835,-.56700084
-1.1532717,-.68459213
-1.3581111,-.93720074
-1.1461720,-.67414162
-.92415279,.10212008
-.92343330,.94813148E-01
-1.5462618,1.1201101
-1.8520343,1.3660862
-.93614568,-.18551092
-1.2878840,.85900580
-1.5788238,1.1488126
-1.4159282,.99698516
-1.8413453,-1.3582392
-1.0478272,.50771775
-2.4692249,-1.7608444
-1.8480836,1.3631912
-2.2848916,-1.6528479
-1.7518972,1.2907042
-2.0414614,1.4983476
-1.3671068,.94675053
-1.1389786,.66338536
-1.8114130,1.3360198
-1.0326073,-.47679921
-2.4116736,-1.7278513
-.91921670,.23586660E-01
-.91922346,.23871684E-01
-1.1168542,-.62915131
-1.6342797,-1.1961114
-.92378266,.98428942E-01
-1.0949592,.59333071
-.92964976,.14636409
-1.9905656,-1.4639857
-.92148272,.71332841E-01
-1.0301447,-.47160613
-2.7269776,-1.9015988
-.95103744,.25337288
-1.0141650,.43640922
-1.2930922,-.86504756
-1.2724205,-.84081153
-1.7833161,1.3148213
-2.2406103,-1.6258363
-2.4711836,-1.7619564
-1.4252781,-1.0063196
-.92349225,-.95432886E-01
-.92570061,-.11629338
-1.1740905,.71435555
-1.4705918,1.0503840
-1.0027252,.40935726
-3.2355691,-2.1525011
-.94723520,.23789354
-.94425224,-.22500536
-4.2357856,2.5755959
-1.3194905,.89504410
-1.3483679,.92674635
-.95018181,.24997312
-1.2672912,-.83468873
-1.1690956,.70732887
-3.1858841,2.1292936
-.92945223,.14500823
-2.1058518,-1.5407227
-1.1146761,-.62567966
-.92693330,.12644972
-1.8146231,-1.3384204
-1.0558317,.52324593
-2.2624100,1.6391897
-1.3179758,.89335017
-3.5799414,-2.3069473
-4.7529868,-2.7691328
-1.4204707,-1.0015310
-2.1440701,-1.5653316
-3.2440049,-2.1564166
-.92811782,.13549382
-1.0266020,.46403343
-.92951773,.14545925
-.92951773,.14545925
-1.0221754,-.45439379
-1.0791705,.56609531
-1.9946047,1.4667421
-1.5756655,-1.1460602
-.91917129,-.21575905E-01
-.94584463,.23197457
-1.1455307,-.67318961
-1.5603674,-1.1326331
-1.1005264,-.60264070
-1.2775854,-.84693200
-2.1732107,-1.5838385
-1.1454747,-.67310649
-2.2205933,1.6134775
-1.7269907,-1.2712609
-1.2785414,.84805998
-.93876735,-.19914223
-.91911588,-.18833458E-01
-1.0545671,-.52082350
-2.9322133,2.0066264
-1.3414372,-.91923732
-1.0882737,.58195394
-.94812634,-.24161044
-1.1130706,.62310837
-2.3115111,-1.6688754
-1.0387960,.48960700
-1.6790121,-1.2329424
-.91897606,.86629209E-02
-1.6800650,1.2337962
-.98629322,.36702777
-.91973050,-.39798751E-01
-.93175475,-.16010134
-1.3862945,.96680499
-1.0081585,-.42242143
-.96517304,.30408720
-.99926366,-.40081199
-1.8878141,-1.3920313
-2.8573922,1.9689864
-1.7392194,1.2808441
-3.0694528,2.0738921
-2.1183829,-1.5488346
-3.1996923,2.1357686
-2.5497477,1.8059951
-1.6109659,-1.1764585
-1.2334469,.79310581
-1.4853655,1.0643561
-1.6357009,-1.1972990
-2.7950937,-1.9370881
-.91894068,.20729933E-02
-1.0475845,-.50723958
-1.1034785,-.60751946
-.92870303,-.13974619
-1.8636668,-1.3745750
-.91983573,-.42360266E-01
-3.0907515,-2.0841367
-1.6942269,-1.2452215
-2.1769323,1.5861864
-2.4491918,1.7494303
-1.2516440,.81572722
-.94526120,-.22944572
-.92188286,.76737603E-01
-1.4813863,1.0606109
-.92036880,.53483898E-01
-.96904077,.31655090
-1.2084779,.76097222
-1.4960598,-1.0743568
-1.4723511,1.0520576
-1.6293630,1.1919937
-.94463660,-.22670714
-.95585692,.27172921
-1.9879315,1.4621853
-1.3737424,.95373361
-1.2500411,.81375986
-.99107874,-.37984262
-1.2612812,.82745714
-1.1532653,.68458281
-1.3622342,-.94158982
-.94403641,.22404408
-1.3699574,.94975662
-1.2003728,.75024558
-.99739538,-.39612334
-1.2646517,.83152047
-.95720036,.27662908
-1.0492770,.51056522
-1.2613517,-.82754232
-.92037121,.53529012E-01
-1.1808902,-.72381167
-1.0078488,.42168772
-1.0323266,-.47621017
-1.7984866,1.3263093
-1.0145750,-.43734760
-2.9778114,-2.0292229
-.92959476,.14598788
-.91928786,-.26432232E-01
-1.0910106,-.58663806
-2.2088220,-1.6061653
-.98716021,.36938240
-.98220739,.35572141
-1.0656780,.54173703
-1.0986497,.59951847
-1.2942443,-.86637840
-3.3917988,2.2238976
-1.0447073,.50153527
-1.1254293,-.64263646
-1.6043141,1.1707908
-1.0125370,.43266260
-2.1171155,-1.5480161
-1.1643417,.70057569
-.95371526,.26372987
-1.0221611,-.45436225
-1.4414351,1.0222490
-1.0442786,.50067960
-1.4566711,1.0370464
-1.9935430,-1.4660180
-1.0909020,-.58645276
-1.1954107,-.74360221
-2.0363994,-1.4949655
-.97591761,-.33757689
-.95648257,.27402204
-1.0815112,-.57021510
-.92564250,.11579265
-1.7114146,1.2589489
-2.9737589,-2.0272249
-1.1339083,.65569781
-.92295065,-.89578104E-01
-.99445154,-.38862066
-1.4469300,1.0276103
-1.5843213,1.1535881
-.91895987,-.65321446E-02
-.97312011,.32918560
-1.2864051,-.85728241
-1.2321256,.79143802
-.92986594,.14783376
-1.7123853,-1.2597196
-4.9122581,-2.8260642
-1.1326728,-.65381083
-1.2229367,.77974120
-1.4718241,-1.0515566
-1.4394998,1.0203542
-1.2469780,-.80998694
-.91949989,-.33506859E-01
-2.2605629,1.6380625
-2.9224560,2.0017580
-1.1091726,.61682094
-1.1941609,.74191969
-1.8024558,-1.3292985
-2.3964203,1.7190007
-2.2623053,-1.6391259
-.91942161,.31083050E-01
-1.0994314,.60082092
-1.0809844,-.56929064
-1.6005478,-1.1675695
-1.9506852,1.4364865
-3.1895034,2.1309926
-1.6684722,1.2243640
-1.0392919,.49061873
-.92629102,.12126403
-1.2419390,.80374186
-1.0254272,.46149464
-.93550925,.18204786
-.92976662,-.14716036
-.99527647,-.39073761
-.97450054,-.33335268
-.97450054,-.33335268
-2.8511706,1.9658240
-1.4341178,1.0150658
-.95486921,.26806969
-1.0202558,-.45014947
-.93965428,-.20354729
-.99572840,-.39189250
-.98917574,.37479918
-1.2067322,-.75867474
-.99324306,.38549845
-1.3220644,.89791525
-1.1406625,-.66591883
-1.4174137,.99847402
-2.7087520,-1.8919902
-.95763618,.27820009
-2.2305942,1.6196640
-1.2152616,.76983517
-1.3520283,-.93068768
-2.0292063,1.4901461
-.92932397,-.14412103
-.94790442,.24069022
-1.0575262,.52647437
-1.2163988,.77131090
-3.3053403,-2.1846747
-1.9468254,1.4337969
-.92291812,.89214216E-01
-1.2110786,-.76438224
-1.3125548,.88726120
-1.6310795,1.1934328
-1.1630676,-.69875464
-.94257272,-.21741293
-.94138447,.21187700
-.92060796,-.57782730E-01
-1.3674441,.94710673
-.98840126,-.37272704
-1.1924143,.73956176
-1.0359018,.48365958
-2.6979793,-1.8862878
-1.3338411,-.91093639
-1.3484321,.92681556
-1.1920926,-.73912658
-1.4449380,-1.0256700
-1.4237170,-1.0047671
-1.9060052,1.4050386
-.92236523,.82785265E-01
-.98677090,.36832695
-1.7354030,-1.2778611
-.92542104,.11386398
-2.1529780,-1.5710121
-4.0992429,-2.5220247
-1.4731124,-1.0527809
-1.2895816,.86097981
-1.3449290,-.92302818
-.93054656,-.15236812
-.96966956,.31853110
-.98147910,.35366810
-.92795940,.13431950
-1.8311437,-1.3507073
-1.8311437,-1.3507073
-3.4078399,-2.2310990
-1.2486183,.81200951
-.91898146,-.92659247E-02
-1.6936555,1.2447626
-1.3603966,.93963612
-1.0101026,-.42699903
-1.8818114,1.3877124
-.97553849,-.33645193
-1.2657095,.83279164
-1.0151719,-.43871037
-1.1320678,.65288472
-1.7901809,1.3200321
-.96539306,-.30480988
-1.0254646,.46157578
-1.1647512,-.70116004
-1.0237719,-.45789390
-1.6981939,-1.2484033
-.91964548,.37601843E-01
-.92070003,-.59354844E-01
-.96122223,-.29080472
-1.6630897,-1.2199600
-2.8569906,1.9687824
-.94935080,-.24662631
-2.0995979,-1.5366583
-1.1176670,-.63044191
-2.0415362,1.4983976
-.96520215,-.30418288
-.92221208,.80914144E-01
-1.4608869,1.0411036
-.93182731,.16055388
-1.9526486,1.4378526
-.93492753,-.17882389
-1.0032293,.41058685
-1.2595758,.82539360
-.92296532,-.89741757E-01
-.98502026,.36354292
-1.0623942,-.53564105
-1.0174895,.44396169
-1.3131047,.88788080
-1.2437278,.80596436
-1.1655726,-.70233057
-.91926385,-.25507622E-01
-.99833131,-.39847906
-1.1664220,.70353891
-1.2344472,.79436600
-.93790512,-.19476440
-.97941254,.34777580
-1.1043031,.60887525
-.92004311,.47001707E-01
-.92175686,.75077607E-01
-1.1778335,-.71957624
-2.4299851,-1.7384168
-.98212584,-.35549208
-1.4261577,1.0071933
-.92682419,-.12558391
-.92761828,.13175541
-2.2385917,1.6245942
-2.9501511,2.0155459
-1.0022741,.40825376
-1.1412365,-.66678027
-.96129257,.29104653
-1.0167469,.44228579
-1.0683230,-.54659758
-1.2045908,.75584696
-1.8966580,1.3983701
-1.3183608,-.89378100
-.91922282,-.23844589E-01
-.93240545,-.16411530
-.92438640,.10438259
-1.2429640,.80501608
-1.7293186,1.2730908
-1.9616225,1.4440803
-2.5327527,-1.7965601
-1.5040074,1.0817291
-3.3599753,-2.2095415
-1.7610920,1.2978085
-.94610347,.23308771
-1.0362015,.48427881
-.93690548,.18956236
-2.0878236,-1.5289768
-.92050407,.55955921E-01
-1.4903758,-1.0690531
-1.6639780,1.2206879
-1.3508901,-.92946388
-.91928730,.26410791E-01
-1.1061337,.61187445
-1.0259848,.46270138
-1.2436029,.80580940
-1.0783486,-.56464168
-.92366449,.97220955E-01
-.98434882,.36169126
-.92860940,-.13907456
-1.1838814,.72793249
-1.2001992,.75001421
-1.9460133,-1.4332304
-1.2153097,.76989756
-1.3006939,.87379096
-1.3006939,.87379096
-1.6073476,-1.1733789
-.94396753,.22373644
-1.3503921,.92892791
-1.8789990,-1.3856843
-2.0358459,1.4945952
-1.2990873,.87195037
-1.1897771,-.73598717
-1.7418647,1.2829078
-1.4876075,1.0664605
-1.0304907,-.47233923
-1.7308455,-1.2742896
-1.0170386,.44294495
-.98378073,.36011720
-1.3616794,.94100043
-.92170471,.74379856E-01
-.92595138,.11843016
-2.6027952,-1.8351331
-.98094257,.35214780
-.93226774,.16327403
-1.3340399,.91115462
-1.1997010,.74934966
-.95086226,.25268053
-.95875771,.28220268
-1.1253960,.64258458
-1.2327217,.79219084
-1.6483668,1.2078314
-1.1667680,-.70403051
-4.2951818,-2.5985547
-3.8237778,-2.4103275
-.93199697,.16160713
-1.2344332,-.79434842
-.93784727,-.19446717
-1.0520193,-.51590840
-1.1039021,-.60821635
-1.5840146,1.1533222
-1.3667262,-.94634839
-1.0917061,.58782230
-1.2200456,.77602460
-1.0204583,.45059904
-1.0512123,.51434178
-3.0630557,2.0708052
-.92362507,-.96814623E-01
-.91949992,-.33507771E-01
-.92576681,-.11686124
-2.0196687,-1.4837319
-.96153483,.29187769
-.93450198,-.17642816
-.99373090,-.38676186
-.97424988,.33259991
-.92822343,.13627101
-1.0354245,.48267168
-1.8274996,1.3480067
-1.7059479,1.2545990
-.94837766,-.24264841
-1.1687072,-.70677949
-1.4968787,-1.0751187
-.93918006,-.20120402
-1.2479003,.81112481
-1.2479003,.81112481
-.92623611,.12081041
-.98949630,.37565348
-1.5515379,-1.1248105
-.98812861,.37199483
-3.4954101,2.2700095
-.98090081,-.35202920
-.91893880,-.73592771E-03
-1.7643771,-1.3003373
-1.4950559,1.0734220
-1.3046616,-.87832003
-2.2605201,-1.6380364
-.93340534,.17009884
-2.0546146,1.5071006
-.94869815,-.24396564
-1.0001702,.40306746
-1.2512747,-.81527437
-1.3726297,.95256620
-1.6080183,-1.1739504
-.96768105,-.31222593
-5.7329805,-3.1029154
-1.3080687,-.88219068
-1.0711916,-.55182079
-1.2664647,-.83369794
-1.0979325,.59832088
-.94015315,-.20598360
-.97536605,-.33593902
-2.0760842,1.5212795
-.93042196,.15154817
-1.0421346,-.49637893
-.99992680,-.40246309
-6.1649998,3.2391546
-1.2019054,-.75228561
-.98555698,.36501629
-1.5755300,1.1459420
-.97793705,.34350695
-2.1066743,-1.5412565
-1.2304707,.78934429
-1.2387790,.79980057
-1.1256698,-.64301056
-1.4803106,-1.0595962
-.96513382,-.30395817
-.92774194,-.13269065
-1.2208999,-.77712468
-1.9451559,1.4326321
-1.1694232,.70779187
-1.7268151,1.2711228
-.93312444,-.16843937
-1.7031735,-1.2523857
-2.2241918,1.6157062
-1.0601034,.53134704
-2.4763640,1.7648940
-1.0828654,.57258519
-1.5147577,1.0916219
-1.3655992,.94515678
-1.2559569,.82099739
-1.0003958,-.40362661
-1.0139414,-.43589645
-1.0735209,-.55602581
-.93316597,-.16868574
-2.4806112,1.7672989
-1.5398107,1.1143358
-1.4262168,-1.0072520
-1.8642185,-1.3749763
-.93105778,.15568714
-.98952239,-.37572291
-1.8532611,-1.3669840
-1.0631095,-.53697486
-1.1603665,-.69487833
-1.1044317,-.60908650
-1.6886413,1.2407279
-1.7380801,-1.2799543
-.98275341,-.35725307
-1.3176151,.89294628
-1.0354639,.48275321
-.99620600,.39310933
-1.2530857,-.81749268
-1.1135734,.62391485
-.91914771,.20453736E-01
-1.8172060,1.3403488
-.95704065,.27605115
-.93461499,.17706751
-1.1638522,-.69987667
-1.0653903,.54120561
-.94277138,-.21832477
-.92344888,.94977366E-01
-1.1346916,-.65689131
-1.6140027,-1.1790370
-1.0222612,.45458263
-1.1673009,.70478699
-1.8391999,-1.3566587
-.91957672,.35726371E-01
-2.8335324,-1.9568310
-2.5826694,-1.8241331
-2.1097899,1.5432766
-1.2954704,.86779240
-1.9117358,-1.4091113
-.95610602,-.27264442
-.93255231,-.16500775
-.98433883,-.36166366
-.95350862,.26294520
-.96060677,-.28868057
-1.3461226,-.92432037
-1.5734442,-1.1441204
-.92790135,.13388668
-1.0579069,-.52719711
-.96456109,.30206805
-1.2825098,.85272653
-1.1084083,-.61558063
-2.9398829,2.0104449
-1.8250971,1.3462233
-2.9143388,1.9976988
-.95538121,.26997289
-.92651982,-.12313638
-1.0302536,-.47183694
-1.4454554,1.0261743
-1.2993958,-.87230415
-1.1853923,-.73000510
-.92954977,.14567936
-1.3495859,-.92805965
-1.6311537,1.1934950
-4.0806947,2.5146595
-2.6334676,-1.8517716
-1.9680893,1.4485515
-.93216609,.16265028
-1.0873506,-.58036546
-1.5214619,-1.0977462
-.96942842,-.31777314
-1.1013585,.60401976
-.92975018,.14704862
-1.4246821,1.0057272
-1.1388603,.66320705
-.91937973,-.29704975E-01
-2.4538341,-1.7520820
-.92745275,.13049303
-1.5999019,-1.1670162
-.91938379,.29841461E-01
-.98588319,-.36590889
-2.0405939,-1.4977686
-1.2574187,-.82277596
-.92843851,-.13784033
-.92724778,.12891270
-1.3592721,.93843871
-.94561151,-.23096743
-2.5294491,1.7947203
-1.1496760,-.67931939
-2.2523751,1.6330564
-.93087916,-.15453560
-1.2444790,-.80689584
-1.0263926,-.46358176
-1.0263926,-.46358176
-1.3655452,.94509962
-2.0983202,1.5358266
-.92141017,.70308390E-01
-1.7793940,1.3118349
-.93116670,-.15638521
-1.4850785,-1.0640864
-.97060037,-.32143999
-1.4701496,-1.0499630
-1.2538732,-.81845551
-.92051114,-.56082122E-01
-.92051114,-.56082122E-01
-1.1738426,.71400854
-1.7437630,1.2843866
-1.1542458,.68601355
-1.2164343,.77135695
-1.2082018,-.76060930
-1.0464051,.50490911
-1.5469555,-1.1207292
-.99581778,-.39212050
-1.1497033,.67935965
-3.4565523,-2.2528266
-1.0645534,.53965697
-.95913485,.28353594
-1.4728052,1.0524891
-.95202211,.25722978
-1.2724067,-.84079504
-2.7110515,-1.8932052
-.97857555,-.34536073
-.93384387,.17265766
-.93052782,.15224514
-1.0628398,-.53647222
-1.1188077,-.63224865
-.96365755,.29906191
-.91950299,-.33599281E-01
-.93317613,-.16874597
-.97058745,.32139979
-1.0387406,-.48949374
-.97661259,-.33962937
-.99875118,-.39953135
-.99909239,-.40038445
-1.0123490,.43222798
-1.3598508,.93905508
-1.1210122,-.63572576
-.99298169,.38481985
-2.7472053,-1.9122065
-1.0752442,.55911652
-1.0533884,.51855550
-1.0206615,.45104982
-1.4784369,1.0578265
-1.2515538,.81561666
-.92250502,-.84456984E-01
-.94065800,.20842010
-1.2537088,.81825459
-1.0552669,.52216542
-1.2332281,-.79282978
-.95499122,-.26852443
-.95499122,-.26852443
-1.4662292,-1.0462224
-3.2413706,2.1551947
-1.1927584,.74002685
-2.0510024,1.5047019
-1.0548583,-.52138236
-1.4970629,1.0752900
-1.1674383,.70498195
-1.1761982,-.71730010
-1.1603292,-.69482472
-.93619154,.18575796
-1.0377251,.48741474
-.91990889,.44053432E-01
-1.0440494,-.50022176
-1.3650531,-.94457881
-2.2957351,-1.6593954
-1.0312207,.47388214
-6.5791263,-3.3645766
-.91948459,-.33047027E-01
-.92140030,.70167941E-01
-.93643795,.18707974
-1.3311929,.90802460
-.93666796,-.18830520
-1.1279668,-.64657298
-.95991287,.28626679
-.93408951,-.17407459
-1.2434211,.80558372
-1.1911087,.73779430
-1.1308830,-.65106760
-1.4787493,1.0581217
-2.1538821,-1.5715875
-.94393156,-.22357561
-1.9554556,-1.4398035
-1.0885025,.58234692
-1.4258975,-1.0069350
-.93551947,-.18210404
-1.3487198,.92712594
-2.4411180,1.7448091
-1.0267008,.46424616
-1.3405582,.91828067
-.93102450,.15547326
-.97256019,.32748026
-1.1580101,.69147890
-1.8422015,-1.3588693
-1.0134984,-.43487908
-1.3413008,.91908901
-1.3005816,-.87366248
-1.2751739,-.84407985
-1.4996322,1.0776768
-.98221004,.35572886
-1.0974018,.59743332
-.92941401,-.14474447
-1.3013994,-.87459805
-.92019465,-.50122145E-01
-2.3553093,-1.6949164
-1.0759245,-.56033197
-.93284245,.16675682
-1.3347169,.91189733
-1.5797199,1.1495924
-.99999690,-.40263723
-1.1785908,.72062791
-1.2632984,.82989139
-.94535935,-.22987310
-.96136300,.29128841
-.98002084,-.34952056
-1.0086894,-.42367656
-1.5894346,1.1580122
-.92812760,.13556597
-2.3634293,1.6997004
-1.2409456,-.80250494
-.99948740,.40136981
-1.4994427,1.0775010
-1.3907613,-.97141420
-1.2687997,-.83649413
-.93987474,-.20462749
-.92468177,-.10717495
-2.3357234,-1.6833211
-.95132995,.25452473
-.92032681,-.52692945E-01
-.93500816,.17927424
-2.2722033,1.6451534
-.91894459,-.34813864E-02
-.92009476,-.48087987E-01
-1.6132489,-1.1783975
-1.0778023,-.56367328
-.92011709,.48550114E-01
-1.1338343,-.65558494
-2.7295984,-1.9029765
-2.3037953,1.6642456
-.98239440,-.35624672
-2.3075254,-1.6664854
-5.1108879,-2.8954963
-1.2465533,-.80946254
-2.7834489,1.9310673
-1.7722616,-1.3063866
-1.6275634,1.1904830
-.96491209,-.30322783
-1.7226629,1.2678520
-1.9294688,1.4216401
-.92024210,.51060001E-01
-.93175767,.16011955
-.97891076,-.34632999
-1.2517225,.81582350
-.92546148,-.11421866
-.91937661,.29599853E-01
-1.1368051,.66010088
-1.0738710,.55665508
-1.0801194,.56776906
-4.5616676,-2.6991588
-1.0470348,-.50615474
-1.0882136,-.58185061
-1.3864142,-.96692879
-3.1583382,2.1163174
-1.4169438,-.99800323
-1.0767956,.56188451
-1.4408018,1.0216293
-1.2079290,.76025063
-1.0060887,.41749303
-1.8398695,-1.3571521
-.94075304,-.20887561
-.93180871,-.16043801
-.93111114,-.15602951
-.92500311,-.11013240
-.91905788,-.15449820E-01
-1.2746430,.84345061
-1.2663003,.83350080
-1.8407770,1.3578206
-2.4793322,-1.7665750
-.94186803,.21414713
-.92243806,-.83660378E-01
-1.0755274,.55962286
-2.3386301,1.6850469
-.92678552,-.12527557
-1.0429357,.49799034
-1.0429357,.49799034
-1.0618777,-.53467587
-2.6838689,-1.8787924
-.92692730,.12640225
-1.0560460,-.52365528
-4.5990129,2.7129594
-1.3438545,.92186326
-1.0669379,-.54405768
-.94519063,-.22913793
-.97441350,.33309146
-1.8979796,-1.3993149
-1.0429369,.49799272
-.93482606,-.17825561
-.91902467,-.13125155E-01
-1.4031351,-.98406963
-1.0172585,.44344095
-1.6721392,-1.2273554
-1.9956404,-1.4674480
-.91895059,-.49114193E-02
-1.4214028,1.0024612
-1.0081151,.42231887
-1.1376849,.66143229
-1.2891324,-.86045790
-1.1426175,-.66884824
-1.5584863,1.1309710
-1.0597405,.53066370
-2.4081284,1.7257983
-.98575201,.36555021
-1.0599922,-.53113771
-1.1544572,-.68632165
-1.5852110,-1.1543591
-.96470182,.30253358
-.92325261,-.92887883E-01
-1.0443954,-.50091288
-1.8826988,-1.3883517
-.98766190,-.37073808
-1.0409393,-.49396517
-.95336665,.26240471
-1.5424423,-1.1166949
-1.0917367,.58787441
-.91938062,.29735125E-01
-.96891356,-.31614880
-1.4891547,-1.0679103
-1.2663461,.83355566
-1.2475255,-.81066270
-1.7754505,-1.3088254
-2.2652866,1.6409437
-1.0492084,-.51043095
-1.0247921,-.46011654
-.91895534,.57972782E-02
-1.7324406,-1.2755407
-1.1167704,-.62901800
-2.3004796,1.6622521
-1.1517354,-.68234434
-.93047073,.15186967
-.92582065,-.11732109
-.97057813,.32137080
-.93162554,.15929224
-.91899877,-.10976410E-01
-1.5362000,1.1110908
-.91893930,.12350728E-02
-1.4507359,1.0313073
-.96098710,-.28999504
-1.2113718,.76476563
-1.2113718,.76476563
-.93411021,.17419344
-1.6069428,1.1730339
-1.4537064,-1.0341836
-1.4744516,1.0540523
-.92869784,.13970905
-.94108949,-.21048018
-.97483337,-.33434962
-.93030233,.15075676
-.97323579,.32953682
-.91893895,.90839654E-03
-1.2216803,.77812823
-1.8264830,1.3472523
-1.8410357,1.3580111
-1.7850998,1.3161772
-2.5769471,1.8209935
-1.7168699,1.2632746
-.97318878,.32939413
-1.2377761,.79854567
-1.4044804,-.98543578
-2.6474708,-1.8593183
-1.2590814,-.82479436
-4.5261416,2.6859646
-1.9286327,-1.4210518
-.97928662,-.34741355
-1.0116463,.43059907
-1.0819748,.57102757
-1.4060497,-.98702702
-1.0728258,-.55477435
-1.0613831,-.53375001
-.98445451,-.36198337
-1.1603941,-.69491811
-3.7052143,2.3606253
-1.0692833,.54835158
-.92094401,.63332077E-01
-1.2007055,.75068900
-.95608443,-.27256522
-1.0166200,.44199876
-1.4686579,1.0485413
-2.7642130,-1.9210802
-1.2099396,-.76289059
-2.0226095,1.4857126
-1.0819510,-.57098590
-.92527893,-.11260901
-.92397447,-.10035869
-.93874661,.19903806
-1.0331386,.47791230
-.96987163,-.31916484
-.97580942,.33725623
-1.0228101,-.45578850
-.91988756,.43566670E-01
-1.6784919,1.2325205
-1.0025881,-.40902226
-1.2842844,.85480509
-1.0323310,.47621936
-1.6606294,1.2179416
-2.2416835,1.6264962
-.97764890,.34266710
-1.6057203,-1.1719913
-.94518273,-.22910346
-1.8764704,-1.3838583
-1.6969816,-1.2474318
-.92368579,.97439761E-01
-2.4633826,-1.7575233
-1.1850409,.72952363
-.91936941,-.29355641E-01
-1.0695281,.54879797
-1.1576780,-.69099844
-.96901042,.31645501
-1.4713645,1.0511194
-1.5986754,1.1659648
-.96238197,.29476580
-1.0889751,.58315787
-1.0353571,-.48253200
-.99953783,-.40149545
-1.1258337,-.64326542
-2.0546293,-1.5071104
-.94866538,.24383128
-.92032216,-.52604749E-01
-1.0484567,.50895604
-2.1137540,-1.5458431
-1.2524340,-.81669507
-1.0139602,-.43593956
-1.4942781,-1.0726971
-2.3423952,-1.6872799
-1.1363154,-.65935851
-.92453342,-.10578175
-1.0250129,.46059609
-1.3191967,-.89471578
-1.8862059,-1.3908756
-1.4377588,1.0186464
-.94895463,-.24501466
-1.0342854,-.48030588
-1.0716242,.55260414
-1.0661196,-.54255143
-1.0148706,.43802288
-1.0061001,-.41752012
-.95505368,-.26875693
-1.0653031,-.54104443
-1.7086828,1.2567770
-.92277662,-.87613770E-01
-.94761914,-.23950200
-.92282586,.88173969E-01
-1.9662058,1.4472507
-1.4321660,1.0131411
-.92182737,.76010982E-01
-.92799995,.13462109
-.99454521,.38886162
-.93250169,.16470070
-1.1212633,.63612068
-1.3376280,.91508417
-1.8000066,1.3274547
-1.6359123,1.1974755
-1.3149182,.88992092
-1.6457980,-1.2057027
-2.1514337,-1.5700288
-2.0982680,-1.5357926
-.96232250,.29456398
-.96611149,-.30715781
-1.5277346,-1.1034456
-.95818742,.28017454
-.93978847,-.20420547
-.93671853,-.18857358
-1.0999955,.60175907
-1.2986909,.87149574
-1.5630946,-1.1350384
-2.9267511,-2.0039025
-1.4119115,-.99294805
-1.0271056,-.46511723
-.95713672,.27639894
-1.0290623,-.46930545
-1.3569860,-.93599943
-1.7151511,-1.2619132
-1.4047697,-.98572933
-1.5087065,-1.0860645
-1.0058478,-.41691557
-1.0417317,-.49556661
-.98185699,.35473499
-2.3423229,1.6872370
-1.0326049,-.47679433
-1.4515387,1.0320854
-.96092700,-.28978774
-1.7503177,-1.2894799
-2.0550217,-1.5073707
-1.0141320,-.43633343
-3.0176449,-2.0487588
-2.1585545,-1.5745577
-1.3864979,-.96701539
-1.0091418,-.42474295
-1.0382566,-.48850397
-1.4602286,-1.0404711
-1.8580239,-1.3704637
-1.6311817,1.1935185
-.95312598,-.26148593
-1.1551535,.68733535
-1.6275952,1.1905097
-1.7753581,1.3087548
-.94260147,-.21754509
-1.1188808,-.63236420
-3.5515108,2.2945903
-1.2457593,.80848105
-2.4889019,1.7719838
-2.7859536,1.9323639
-3.3539069,-2.2067933
-1.0132131,-.43422238
-2.1393431,-1.5623089
-.91973206,-.39837840E-01
-1.8168669,-1.3400958
-.98953043,-.37574432
-1.1126443,.62242387
-.93307991,-.16817475
-1.0401986,-.49246328
-1.2336208,-.79332503
-.96752896,.31173844
-1.0704278,-.55043487
-1.0514736,.51484963
-1.7684880,1.3034949
-.94788026,.24058979
-.93922190,.20141184
-1.6052252,-1.1715688
-1.0455650,-.50324233
-1.3321666,.90909629
-2.1038716,1.5394370
-1.3069086,-.88087459
-1.8985453,-1.3997191
-2.0284511,-1.4896393
-1.0911961,.58695416
-.92947647,-.14517534
-4.5764848,2.7046428
-4.5514178,-2.6953587
-1.0414566,-.49501121
-1.5232002,-1.0993286
-.97278358,.32816168
-1.0528926,.51759847
-1.9202724,-1.4151564
-.92149639,-.71524155E-01
-2.1441291,1.5653693
-.92594779,-.11839983
-1.0787400,-.56533442
-1.6269968,-1.1900069
-.91894114,.22811700E-02
-1.1699145,.70848563
-.93279191,.16645344
-.92529086,-.11271494
-.94337518,-.22107307
-1.1902239,-.73659396
-1.1197709,.63377021
-1.3251428,.90133704
-1.1129736,-.62295279
-1.3938919,-.97463160
-1.1316488,-.65224272
-1.1316488,-.65224272
-.94083244,.20925536
-1.2855193,.85624854
-.97687094,.34038921
-.96025875,.28747249
-1.4358934,1.0168135
-.95539096,.27000899
-1.0037415,.41183235
-1.7194778,-1.2653373
-.92292018,.89237243E-01
-2.5204778,1.7897146
-1.1015651,-.60436182
-1.4768907,1.0563637
-.97503739,-.33495928
-.96142846,-.29151305
-1.3104917,-.88493292
-3.4862307,2.2659621
-2.4137291,1.7290405
-2.0596858,1.5104617
-1.1413231,.66691016
-.95471375,.26748913
-.92250131,.84413029E-01
-2.8129981,-1.9463091
-1.2215951,.77801868
-1.1006119,-.60278244
-.96181755,.29284474
-1.2253067,.78277472
-1.0693167,.54841249
-1.0275810,-.46613839
-.93704122,-.19027707
-1.0747003,.55814299
-1.5862246,-1.1552369
-3.5712109,2.3031597
-1.0871472,.58001497
-.91977443,.40887618E-01
-1.0043408,-.41328511
-.91899982,-.11071295E-01
-1.1137763,-.62423998
-1.1229065,.63869865
-1.2603022,-.82627321
-1.0926881,-.58949060
-.92704660,.12734262
-.92632785,.12156743
-.95426407,-.26580268
-1.5444782,1.1185166
-1.8371573,1.3551522
-.92964367,.14632252
-1.0502282,.51242487
-.92056210,-.56983674E-01
-1.3424048,.92028934
-.96724282,.31081919
-.91969803,-.38974152E-01
-.91902074,-.12822699E-01
-2.2896725,1.6557379
-1.1683848,-.70632332
-1.3576072,-.93666287
-1.0267970,-.46445347
-2.1060880,1.5408760
-3.5091873,2.2760706
-1.0067768,.41913782
-2.2914417,1.6568061
-1.2319262,.79118601
-1.0200366,.44966231
-1.6134453,-1.1785642
-1.3154654,-.89053565
-.92141255,.70342328E-01
-.92751220,.13094781
-1.0303050,.47194597
-.95616717,.27286860
-.97524353,-.33557413
-3.1686710,2.1211942
-.95940790,-.28449734
-1.0721900,.55362706
-1.8825143,1.3882188
-1.1509120,-.68113644
-.92924754,-.14358972
-1.2258425,.78345892
-1.0338460,-.47939009
-1.2175659,.77282257
-.93588586,-.18410502
-2.2309427,-1.6198791
-2.2938220,-1.6582421
-1.0465130,.50512278
-1.2388353,-.79987095
-1.5687389,-1.1400004
-1.5777728,1.1478974
-.92990845,.14812098
-1.2597392,-.82559146
-1.0814866,-.57017193
-3.1063035,-2.0915855
-2.6805574,1.8770289
-2.2242471,-1.6157404
-.94520061,-.22918149
-.94193145,.21444308
-1.2294234,.78801638
-.97505342,-.33500713
-1.4637269,-1.0438279
-2.7218416,1.8988960
-2.2870374,1.6541456
-1.0065418,.41857685
-1.2539731,-.81857753
-1.7618249,-1.2983731
-1.9294154,-1.4216025
-.91952615,-.34281737E-01
-.92276145,-.87440455E-01
-.92044113,.54819605E-01
-1.3381820,.91568934
-1.1595241,.69366497
-.93445124,.17614034
-1.0573127,.52606870
-1.4117888,.99282450
-1.4403492,1.0211863
-1.4898965,-1.0686047
-1.1966780,.74530462
-1.2498132,.81347973
-1.6793915,1.2332501
-.92153572,-.72072068E-01
-.92153572,-.72072068E-01
-1.9149836,1.4114142
-7.4655335,-3.6184513
-.98006095,.34963529
-1.1437920,.67060194
-1.0121187,-.43169472
-1.2579741,.82345071
-1.0706845,.55090098
-1.2778563,.84725172
-.92315039,-.91780785E-01
-1.9930655,-1.4656923
-2.1777868,1.5867251
-2.0137408,-1.4797312
-1.0460242,.50415404
-.91905262,-.15105619E-01
-1.2558608,-.82088032
-.93254042,-.16493567
-1.4390317,1.0198952
-1.2221230,.77869701
-.94258087,.21745038
-1.4528904,-1.0333942
-.98265922,.35698931
-2.4694216,1.7609560
-1.8780845,1.3850242
-1.0108602,.42876966
-1.4470600,1.0277368
-1.3044408,.87806859
-.98620471,.36678652
-1.1132622,-.62341583
-1.0697548,.54921075
-1.1918389,-.73878333
-.97499987,-.33484723
-1.4863900,1.0653183
-.94514695,-.22894724
-1.1067564,-.61289122
-1.2037107,.75468157
-1.0652333,.54091549
-.94906896,.24548085
-1.9583729,1.4418283
-2.3318463,-1.6810162
-1.0767371,.56178029
-.97252647,.32737726
-2.3627267,-1.6992870
-1.0381227,-.48822976
-2.5199879,1.7894409
-.93774405,.19393563
-1.1162303,-.62815889
-.98087470,-.35195501
-1.0318558,-.47522043
-1.0203763,-.45041714
-2.0138568,1.4798096
-1.1686532,.70670311
-1.4617699,1.0419514
-2.9871692,-2.0338292
-1.2924780,-.86433724
-1.0770188,.56228163
-1.3231768,-.89915319
-.97453836,-.33346613
-1.1709990,-.71001480
-.97013826,.31999915
-1.6769373,1.2312585
-.94804717,.24128255
-1.5891959,1.1578060
-2.5036538,-1.7802894
-.91992115,.44331063E-01
-1.5761734,1.1465033
-1.1556174,-.68801001
-3.2601110,-2.1638726
-.95689613,.27552713
-1.0416829,-.49546811
-3.4386355,-2.2448595
-1.0988583,.59986634
-1.8056092,-1.3316687
-1.6136754,1.1787594
-1.3904488,-.97109245
-3.3544366,-2.2070333
-4.7149341,-2.7553568
-1.2640878,-.83084201
-1.1582227,-.69178630
-1.1289400,-.64807638
-2.1815408,-1.5890892
-3.4386794,-2.2448790
-.92121396,.67459945E-01
-1.6579499,1.2157396
-1.0774580,.56306203
-1.2700151,.83794582
-1.2776122,.84696360
-1.0927379,.58957503
-1.0691750,.54815416
-.91963863,.37419190E-01
-.92307418,-.90946641E-01
-1.8929280,-1.3957002
-.92101568,-.64453869E-01
-.91995699,.45132263E-01
-.94701138,.23695082
-1.2256835,.78325599
-1.7143394,-1.2612699
-2.3000014,-1.6619644
-3.2055166,2.1384939
-1.8218920,1.3438404
-1.6323018,1.1944566
-1.8908622,-1.3942193
-2.0221753,1.4854203
-2.9683926,2.0245761
-1.2599597,.82585857
-1.2599597,.82585857
-.98702698,-.36902154
-1.0231266,.45648242
-.93283714,.16672498
-1.8365380,1.3546951
-.96886534,.31599622
-.96886534,.31599622
-1.0609595,.53295590
-.92884255,.14074102
-.95568328,-.27108945
-1.2464829,-.80937558
-1.4834010,-1.0625088
-1.0705192,.55060083
-1.9623098,-1.4445561
-1.1812616,-.72432465
-1.1088146,-.61624039
-3.7632950,-2.3851023
-2.2270685,-1.6174857
-1.2086507,-.76119933
-1.6378494,1.1990921
-1.8748812,1.3827094
-.92451806,.10563646
-1.0106787,.42834594
-.96004091,-.28671371
-1.6871457,1.2395218
-.93880981,-.19935534
-1.0468608,-.50581080
-1.2326809,.79213935
-1.1698734,-.70842763
-1.2247499,.78206315
-1.1351001,.65751290
-.94716304,-.23759001
-1.7331525,-1.2760987
-1.9220632,-1.4164213
-1.1543469,.68616090
-1.0327532,-.47710508
-.91894454,-.34663759E-02
-1.3923724,.97307124
-1.1947294,-.74268544
-.94440193,.22566967
-1.1077987,-.61458956
-1.0502626,.51249217
-1.2230222,.77985088
-1.0352851,.48238271
-.91896054,.66339804E-02
-1.7275201,-1.2716773
-1.0072932,-.42036809
-.94181241,-.21388724
-.91964182,-.37504243E-01
-2.3245948,-1.6766969
-3.4700822,-2.2588243
-1.5769053,1.1471415
-1.5922218,-1.1604165
-1.0527237,-.51727192
-.95070668,-.25206405
-1.3712367,.95110273
-1.6079547,1.1738962
-1.5895154,1.1580819
-1.2905862,.86214580
-1.0663250,.54293004
-1.3717054,-.95159537
-3.4175910,2.2354652
-2.2236054,-1.6153433
-1.0560513,-.52366547
-1.5812298,1.1509051
-1.6240889,1.1875608
-.91899102,-.10245417E-01
-1.1336609,-.65532037
-1.0912519,-.58704917
-1.1237398,.64000195
-2.1494932,1.5687923
-.96687346,.30962857
-1.0397927,.49163832
-1.0943816,.59235635
-.94977261,-.24833071
-2.7417633,1.9093584
-5.0637351,2.8791653
-1.3059245,-.87975680
-.98163283,.35410252
-1.7193618,1.2652457
-1.8320729,-1.3513951
-1.4375755,1.0184665
-.93441097,-.17591156
-.92111807,-.66023237E-01
-1.7556992,1.2936465
-1.0016664,-.40676249
-1.0664048,-.54307690
-.96890584,.31612438
-1.1305371,-.65053597
-1.3008620,.87398334
-.99028556,.37774866
-.92006663,.47499450E-01
-1.1349211,-.65724054
-2.4950253,-1.7754361
-1.3721094,.95201981
-3.7980700,2.3996381
-2.7683925,1.9232545
-1.1662319,-.70326866
-1.3877909,.96835159
-.97392153,-.33161121
-2.9973385,2.0388232
-1.3433379,-.92130277
-2.5682119,1.8161902
-2.0560101,1.5080262
-3.3802820,2.2187129
-1.3051802,.87891032
-1.2223605,-.77900194
-1.3547841,.93364397
-1.1021160,.60527254
-1.0942046,-.59205759
-2.1322108,-1.5577370
-2.8013195,-1.9402994
-4.9964325,-2.8556940
-.92568385,.11614915
-2.3466499,-1.6897996
-1.6658127,1.2221900
-1.3678546,-.94754001
-1.2060872,-.75782409
-.93234019,.16371717
-.92552515,-.11477470
-1.2169657,.77204555
-2.1415140,-1.5636978
-1.0899098,.58475856
-1.2366577,-.79714385
-1.2275811,-.78567501
-1.2390607,.80015272
-2.7717378,-1.9249931
-1.0493541,-.51071633
-1.1284553,-.64732800
-3.7212070,2.3673903
-1.2975995,.87024243
-1.2975995,.87024243
-1.4322650,1.0132388
-.95042015,-.25092474
-2.1797027,-1.5879321
-.92963163,-.14624018
-2.2457391,1.6289878
-1.0179975,.44510433
-2.2344708,-1.6220557
-.92920503,.14329339
-2.4546180,-1.7525293
-1.0339189,.47954219
-1.0837943,.57420507
-1.1128602,.62277076
-2.9028147,1.9919218
-1.0830700,-.57294243
-1.7814900,-1.3134317
-1.0276414,-.46626780
-2.5050032,1.7810472
-2.6212385,1.8451558
-1.0210151,.45183299
-1.0467891,-.50566901
-1.2514748,.81551984
-2.8788235,1.9798409
-1.3961402,-.97693568
-1.2207949,-.77698947
-.92035316,-.53190647E-01
-1.0748581,.55842559
-1.1943516,-.74217667
-.92729362,-.12926785
-1.0299886,.47127504
-3.7505941,2.3797712
-.93724635,-.19135212
-.93582709,.18378550
-1.9171207,1.4129275
-1.6003336,-1.1673860
-1.3915558,.97223174
-1.0110390,-.42918630
-1.0297310,-.47072802
-1.3291228,-.90574194
-1.2329583,-.79248952
-1.1254826,.64271927
-1.6371662,-1.1985222
-.96859059,-.31512555
-1.0502718,.51251000
-.92429174,.10347185
-.97370322,.33095222
-1.1875166,-.73290937
-.94362203,.22218684
-1.0298123,-.47090086
-6.3953299,3.3094989
-1.4222731,1.0033290
-.92506984,.11073670
-1.2904798,.86202235
-1.1653272,-.70198096
-.92055303,-.56824256E-01
-1.2839629,.85442888
-2.8860338,-1.9834794
-.92046722,-.55293578E-01
-1.2543662,.81905757
-.93350019,-.17065553
-.92846730,-.13804905
-1.0797414,-.56710294
-1.0258741,-.46246206
-1.1886132,.73440407
-.95285225,-.26043702
-.93290546,.16713422
-.93290546,.16713422
-.97455078,.33350335
-1.7335117,1.2763801
-2.0897815,1.5302568
-.92583188,-.11741673
-1.4043965,.98535063
-1.4845711,-1.0636095
-3.0403681,-2.0598202
-1.1581377,-.69166341
-1.0980296,-.59848323
-.98932765,.37520427
-.92649979,.12297366
-1.0208459,.45145848
-1.9566971,-1.4406655
-1.0506855,-.51331665
-1.0422994,-.49671082
-1.1403240,.66541034
-1.1733901,.71337453
-1.4718372,-1.0515690
-2.9584325,-2.0196504
-.93364636,-.17150989
-2.0900937,1.5304608
-1.1146712,-.62567186
-2.1533032,-1.5712191
-.94617128,-.23337844
-.94855406,-.24337433
-.93780080,.19422802
-.97747125,-.34214827
-2.0278791,-1.4892552
-.95941456,.28452075
-1.0005216,.40393830
-1.0111989,.42955870
-.93670600,.18850710
-1.4508724,-1.0314396
-.96451801,-.30192540
-1.0864383,-.57879149
-2.0127210,1.4790419
-1.3204979,.89616895
-3.0368873,2.0581296
-1.0188539,-.44702423
-.96030995,-.28765056
-1.2469246,-.80992107
-.97707288,-.34098195
-1.0089080,-.42419199
-.95298316,-.26093917
-1.9242135,1.4179387
-1.3472260,.92551332
-1.6597315,1.2172041
-1.6560163,-1.2141481
-2.9711155,2.0259205
-3.0572716,2.0680102
-1.3854670,.96594873
-2.4500658,1.7499299
-.92780064,.13313233
-1.8426100,-1.3591700
-.93127038,-.15704679
-.92288468,.88838614E-01
-1.2575897,.82298385
-1.1442133,-.67122982
-1.1442133,-.67122982
-1.7865160,1.3172528
-4.8780615,2.8139378
-.95965358,.28535959
-1.0006552,.40426893
-1.6777368,-1.2319077
-1.8249943,1.3461469
-1.2370804,.79767390
-1.0359695,.48379941
-1.5444738,1.1185126
-1.5702720,1.1413443
-.99707421,.39531170
-1.8560838,-1.3690473
-4.1567070,-2.5447076
-1.8246054,1.3458580
-3.0790220,-2.0785011
-1.2359030,.79619660
-.99791804,-.39744059
-.92816291,-.13582622
-.91895369,-.55053393E-02
-2.2410562,1.6261105
-1.0202326,.45009795
-1.0344025,-.48054954
-1.2737474,-.84238813
-2.5987694,1.8329380
-1.1822367,.72566962
-1.2826638,-.85290706
-1.4610817,-1.0412907
-1.0931232,-.59022827
-1.7618159,-1.2983662
-1.3362421,-.91356834
-1.3780829,.95827387
-.92025220,.51257465E-01
-1.1767735,.71810159
-1.1361672,.65913382
-1.0432522,-.49862540
-.93342290,.17020204
-1.1632061,-.69895286
-1.2428309,.80485077
-2.1184950,1.5489070
-.93129833,-.15722467
-.92261207,-.85715031E-01
-.92097581,-.63832308E-01
-1.3849049,-.96536665
-1.3322860,-.90922766
-1.9181200,-1.4136347
-.92009844,-.48164348E-01
-1.1396498,-.66439632
-.92080671,-.61125766E-01
-1.0175611,-.44412280
-.92358972,-.96448818E-01
-1.2153512,-.76995148
-.99098819,.37960416
-1.2793504,.84901345
-1.1324765,.65351040
-1.6866183,1.2390963
-1.5344595,-1.1095233
-1.3591075,.93826330
-1.7129895,1.2601992
-1.0384995,-.48900092
-.93343516,.17027408
-.95225525,-.25813454
-1.1390624,-.66351165
-2.1094119,-1.5430316
-1.2017833,.75212338
-2.0419164,1.4986513
-1.2393622,.80052941
-2.1362075,1.5603006
-1.0186130,-.44648515
-.93341568,-.17015963
-.96690403,-.30972729
-5.7251953,-3.1004054
-1.5749406,-1.1454275
-5.5822808,3.0539621
-2.8027817,1.9410529
-3.4689573,-2.2583263
-.93104430,-.15560056
-1.3739536,.95395504
-1.5387514,1.1133848
-1.5162359,-1.0929752
-.91900221,-.11285448E-01
-.99221578,.38282437
-.95233979,-.25846183
-.93832171,.19689174
-1.3822495,-.96261202
-1.5646588,1.1364157
-1.5189787,1.0954818
-.93620593,-.18583539
-1.5959036,1.1635851
-.92350051,-.95519407E-01
-.93026707,.15052266
-.92124528,-.67922669E-01
-2.4386617,1.7434008
-.92949810,-.14532424
-2.0557536,-1.5078562
-1.1113255,-.62030148
-2.0377075,-1.4958402
-1.1469932,-.67535868
-1.1469932,-.67535868
-.93933477,.20197145
-.98942844,.37547279
-1.1423095,.66838755
-3.5682176,2.3018597
-1.3530006,.93173179
-.94284854,.21867790
-.99675309,-.39449856
-1.1219546,.63720657
-.95049893,.25123854
-1.1876452,.73308478
-1.5778462,1.1479614
-3.3571320,-2.2082543
-1.1798770,-.72241045
-1.1498700,.67960505
-1.0176336,.44428618
-1.1253479,-.64250971
-.93786911,-.19457943
-3.2061052,-2.1387691
-1.3289744,-.90557812
-1.5011121,1.0790491
-1.0346074,.48097590
-.93538289,.18135244
-.91906421,-.15854388E-01
-1.5196506,1.0960949
-2.2404592,1.6257433
-1.5313296,1.1066988
-1.1832581,-.72707570
-5.8995251,-3.1561326
-1.1411019,.66657837
-1.2448011,.80729489
-.93920115,-.20130880
-1.9984667,1.4693728
-.95580638,-.27154316
-.94539637,-.23003408
-1.0870382,.57982701
-1.2513771,-.81539996
-1.8013191,1.3284431
-1.1617595,.69688017
-1.0374153,-.48677866
-1.7670351,-1.3023798
-2.8221773,1.9510196
-.91901152,.12081590E-01
-1.3988303,-.97968545
-1.0158409,-.44023254
-.91935655,.28914268E-01
-1.7898377,1.3197721
-2.9500132,2.0154774
-.98211724,.35546788
-1.4840958,1.0631625
-1.5303003,1.1057683
-1.8209900,1.3431690
-1.3407693,-.91851048
-.92148492,-.71363655E-01
-1.5960653,-1.1637240
-1.1255549,-.64283175
-1.4619223,-1.0420977
-.93487097,-.17850736
-.91976589,.40678194E-01
-1.0523680,.51658399
-.92706765,-.12750775
-.91919840,.22797732E-01
-.95666699,-.27469423
-.96034174,.28776105
-1.7375598,-1.2795478
-.96385490,.29972108
-1.0451554,.50242783
-1.6491512,-1.2084806
-1.2826926,.85294085
-2.1821984,1.5895030
-3.0478206,2.0634351
-.91893854,.98091250E-04
-1.2214114,-.77778256
-1.1383693,-.66246623
-.97098959,-.32264859
-.95217926,.25783997
-1.0962889,.59556752
-1.3504216,.92895974
-1.2441726,.80651599
-1.1156078,.62716707
-1.9901083,-1.4636733
-1.6845761,1.2374470
-2.4976601,1.7769196
-4.0039684,2.4839605
-1.0488706,.50976880
-.93204543,.16190672
-.97195266,-.32561979
-1.6426841,1.2031173
-.91894260,-.28506550E-02
-.93450664,.17645456
-1.5652371,1.1369244
-1.3783870,-.95859112
-1.5618332,1.1339265
-1.0353001,-.48241391
-1.1960869,.74451112
-2.0838699,1.5263888
-1.3774612,.95762482
-1.7394820,-1.2810492
-.92939621,.14462142
-1.8708763,-1.3798100
-2.5578720,-1.8104880
-1.1884637,-.73420054
-1.1884637,-.73420054
-1.3803204,.96060595
-1.5081217,-1.0855259
-1.0855801,.57730675
-2.0624121,-1.5122656
-1.9773580,1.4549361
-1.0375003,-.48695322
-1.1849478,.72939603
-.93000732,.14878701
-1.1229198,.63871950
-1.1309141,-.65111524
-.94323908,-.22045656
-1.0534157,.51860814
-1.0491305,.51027820
-1.4617316,-1.0419147
-1.4911014,1.0697316
-.92234512,.82541979E-01
-1.8426489,1.3591986
-.92625132,.12093625
-.98992743,.37679941
-1.3539653,.93276659
-1.3373798,-.91481279
-1.4519055,1.0324408
-1.2548503,.81964841
-1.6088947,1.1746967
-1.1208551,.63547867
-1.5629758,1.1349338
-1.4128510,-.99389379
-2.0750509,1.5206001
-.98539541,-.36457337
-2.3930578,1.7170435
-1.0517581,.51540197
-1.0454832,-.50307988
-1.6510503,1.2100510
-1.2035317,-.75444437
-.95119173,-.25398109
-1.4354758,-1.0164027
-2.7838365,-1.9312680
-.98271538,.35714660
-1.3697414,.94952924
-1.2684104,.83602855
-.95946691,-.28470467
-.99373149,-.38676338
-1.0947102,.59291094
-.96973889,.31874868
-1.0047399,.41424954
-.99543238,.39113642
-.96323428,-.29764323
-1.4865948,-1.0655104
-.92841837,-.13769413
-1.5140426,1.0909666
-1.0493746,-.51075640
-.92403842,.10099392
-2.0913082,-1.5312542
-1.1727010,-.71240782
-.93409749,.17412041
